/*--------------------------------*- C++ -*----------------------------------*\
  =========                 |
  \\      /  F ield         | OpenFOAM: The Open Source CFD Toolbox
   \\    /   O peration     | Website:  https://openfoam.org
    \\  /    A nd           | Version:  6
     \\/     M anipulation  |
\*---------------------------------------------------------------------------*/
FoamFile
{
    version     2.0;
    format      ascii;
    class       faceList;
    location    "constant/polyMesh";
    object      faces;
}
// * * * * * * * * * * * * * * * * * * * * * * * * * * * * * * * * * * * * * //


867
(
4(181 108 210 283)
4(108 148 250 210)
4(181 283 250 148)
4(1 5 233 131)
4(17 131 233 53)
4(0 4 234 132)
4(8 132 234 44)
4(2 6 231 129)
4(26 129 231 62)
4(3 7 232 130)
4(35 130 232 71)
4(131 16 52 233)
4(132 43 79 234)
4(129 25 61 231)
4(130 34 70 232)
4(104 206 283 181)
4(104 108 210 206)
4(169 125 227 271)
4(105 169 271 207)
4(105 207 227 125)
4(171 126 228 273)
4(106 171 273 208)
4(106 208 228 126)
4(170 127 229 272)
4(107 170 272 209)
4(107 209 229 127)
4(172 128 230 274)
4(108 172 274 210)
4(108 210 230 128)
4(102 204 247 145)
4(147 145 247 249)
4(102 147 249 204)
4(102 204 207 105)
4(145 105 207 247)
4(103 146 248 205)
4(146 148 250 248)
4(103 205 250 148)
4(103 106 208 205)
4(106 146 248 208)
4(85 125 227 187)
4(169 85 187 271)
4(86 127 229 188)
4(170 86 188 272)
4(87 126 228 189)
4(171 87 189 273)
4(88 128 230 190)
4(172 88 190 274)
4(122 142 244 224)
4(94 196 244 142)
4(94 122 224 196)
4(121 141 243 223)
4(93 195 243 141)
4(93 121 223 195)
4(124 144 246 226)
4(99 201 246 144)
4(99 124 226 201)
4(123 143 245 225)
4(97 199 245 143)
4(97 123 225 199)
4(82 184 224 122)
4(82 142 244 184)
4(81 183 223 121)
4(81 141 243 183)
4(84 186 226 124)
4(84 144 246 186)
4(83 185 225 123)
4(83 143 245 185)
4(137 126 228 239)
4(96 137 239 198)
4(96 198 228 126)
4(138 125 227 240)
4(95 138 240 197)
4(95 197 227 125)
4(139 128 230 241)
4(100 139 241 202)
4(100 202 230 128)
4(140 127 229 242)
4(98 140 242 200)
4(98 200 229 127)
4(104 206 209 107)
4(181 107 209 283)
4(31 109 211 67)
4(30 66 211 109)
4(40 110 212 76)
4(39 75 212 110)
4(22 111 213 58)
4(21 57 213 111)
4(13 112 214 49)
4(12 48 214 112)
4(157 111 213 259)
4(22 157 259 58)
4(158 112 214 260)
4(13 158 260 49)
4(159 109 211 261)
4(31 159 261 67)
4(160 110 212 262)
4(40 160 262 76)
4(103 171 273 205)
4(104 172 274 206)
4(81 126 228 183)
4(81 183 239 137)
4(82 125 227 184)
4(82 184 240 138)
4(83 128 230 185)
4(83 185 241 139)
4(84 127 229 186)
4(84 186 242 140)
4(102 204 252 150)
4(105 150 252 207)
4(104 206 254 152)
4(107 152 254 209)
4(107 209 249 147)
4(181 147 249 283)
4(80 145 247 182)
4(80 182 249 147)
4(80 182 248 146)
4(80 148 250 182)
4(96 111 213 198)
4(96 198 259 157)
4(100 112 214 202)
4(100 202 260 158)
4(95 109 211 197)
4(95 197 261 159)
4(98 110 212 200)
4(98 200 262 160)
4(27 63 215 113)
4(28 113 215 64)
4(36 72 216 114)
4(37 114 216 73)
4(18 54 217 115)
4(19 115 217 55)
4(9 45 218 116)
4(10 116 218 46)
4(24 117 219 60)
4(23 59 219 117)
4(15 119 221 51)
4(14 50 221 119)
4(33 118 220 69)
4(32 68 220 118)
4(42 120 222 78)
4(41 77 222 120)
4(30 66 235 133)
4(109 133 235 211)
4(39 75 236 134)
4(110 134 236 212)
4(21 57 237 135)
4(111 135 237 213)
4(12 48 238 136)
4(112 136 238 214)
4(117 137 239 219)
4(96 117 219 198)
4(118 138 240 220)
4(95 118 220 197)
4(119 139 241 221)
4(100 119 221 202)
4(120 140 242 222)
4(98 120 222 200)
4(173 109 211 275)
4(85 187 211 109)
4(85 173 275 187)
4(174 110 212 276)
4(86 188 212 110)
4(86 174 276 188)
4(175 111 213 277)
4(87 189 213 111)
4(87 175 277 189)
4(176 112 214 278)
4(88 190 214 112)
4(88 176 278 190)
4(149 121 223 251)
4(101 149 251 203)
4(101 203 223 121)
4(150 122 224 252)
4(102 204 224 122)
4(151 123 225 253)
4(103 151 253 205)
4(103 205 225 123)
4(152 124 226 254)
4(104 206 226 124)
4(113 141 243 215)
4(89 191 243 141)
4(89 113 215 191)
4(114 142 244 216)
4(90 192 244 142)
4(90 114 216 192)
4(115 143 245 217)
4(91 193 245 143)
4(91 115 217 193)
4(116 144 246 218)
4(92 194 246 144)
4(92 116 218 194)
4(81 183 251 149)
4(82 184 252 150)
4(83 185 253 151)
4(84 186 254 152)
4(146 149 251 248)
4(101 146 248 203)
4(106 149 251 208)
4(148 151 253 250)
4(108 151 253 210)
4(29 65 235 133)
4(38 74 236 134)
4(20 56 237 135)
4(11 47 238 136)
4(85 177 279 187)
4(177 125 227 279)
4(87 179 281 189)
4(179 126 228 281)
4(86 178 280 188)
4(178 127 229 280)
4(88 180 282 190)
4(180 128 230 282)
4(27 63 263 161)
4(113 161 263 215)
4(36 72 264 162)
4(114 162 264 216)
4(18 54 265 163)
4(115 163 265 217)
4(9 45 266 164)
4(116 164 266 218)
4(24 165 267 60)
4(165 117 219 267)
4(15 166 268 51)
4(166 119 221 268)
4(33 167 269 69)
4(167 118 220 269)
4(42 168 270 78)
4(168 120 222 270)
4(94 196 216 114)
4(93 195 215 113)
4(99 201 218 116)
4(97 199 217 115)
4(89 137 239 191)
4(89 191 219 117)
4(90 138 240 192)
4(90 192 220 118)
4(91 139 241 193)
4(91 193 221 119)
4(92 140 242 194)
4(92 194 222 120)
4(17 53 265 163)
4(26 62 263 161)
4(8 44 266 164)
4(35 71 264 162)
4(25 165 267 61)
4(16 166 268 52)
4(34 167 269 70)
4(43 168 270 79)
4(173 133 235 275)
4(174 134 236 276)
4(175 135 237 277)
4(176 136 238 278)
4(163 131 233 265)
4(164 132 234 266)
4(161 129 231 263)
4(162 130 232 264)
4(129 165 267 231)
4(131 166 268 233)
4(130 167 269 232)
4(132 168 270 234)
4(141 137 239 243)
4(142 138 240 244)
4(143 139 241 245)
4(144 140 242 246)
4(121 169 271 223)
4(101 203 271 169)
4(122 170 272 224)
4(102 204 272 170)
4(123 171 273 225)
4(124 172 274 226)
4(109 177 279 211)
4(110 178 280 212)
4(95 177 279 197)
4(98 178 280 200)
4(111 179 281 213)
4(112 180 282 214)
4(96 179 281 198)
4(100 180 282 202)
4(153 113 215 255)
4(28 153 255 64)
4(154 114 216 256)
4(37 154 256 73)
4(159 118 220 261)
4(93 195 255 153)
4(94 196 256 154)
4(157 117 219 259)
4(160 120 222 262)
4(158 119 221 260)
4(32 68 261 159)
4(23 59 259 157)
4(41 77 262 160)
4(14 50 260 158)
4(155 115 217 257)
4(19 155 257 55)
4(156 116 218 258)
4(10 156 258 46)
4(97 199 257 155)
4(99 201 258 156)
4(85 187 223 121)
4(86 188 224 122)
4(87 189 225 123)
4(88 190 226 124)
4(169 145 247 271)
4(101 203 247 145)
4(170 147 249 272)
4(89 161 263 191)
4(90 162 264 192)
4(89 191 267 165)
4(91 163 265 193)
4(90 192 269 167)
4(92 164 266 194)
4(91 193 268 166)
4(92 194 270 168)
4(173 121 223 275)
4(93 173 275 195)
4(174 122 224 276)
4(94 174 276 196)
4(123 175 277 225)
4(97 175 277 199)
4(176 124 226 278)
4(99 176 278 201)
4(125 150 252 227)
4(126 149 251 228)
4(127 152 254 229)
4(128 151 253 230)
4(89 129 231 191)
4(90 130 232 192)
4(91 131 233 193)
4(92 132 234 194)
4(146 145 247 248)
4(133 153 255 235)
4(29 65 255 153)
4(134 154 256 236)
4(38 74 256 154)
4(93 195 235 133)
4(94 196 236 134)
4(135 155 257 237)
4(20 56 257 155)
4(136 156 258 238)
4(11 47 258 156)
4(97 199 237 135)
4(99 201 238 136)
4(80 181 283 182)
3(181 148 108)
3(283 210 250)
3(1 131 17)
3(5 53 233)
3(0 132 8)
3(4 44 234)
3(2 129 26)
3(6 62 231)
3(3 130 35)
3(7 71 232)
3(1 16 131)
3(5 233 52)
3(0 43 132)
3(4 234 79)
3(2 25 129)
3(6 231 61)
3(3 34 130)
3(7 232 70)
3(104 181 108)
3(206 210 283)
3(105 125 169)
3(207 271 227)
3(106 126 171)
3(208 273 228)
3(107 127 170)
3(209 272 229)
3(108 128 172)
3(210 274 230)
3(102 145 147)
3(204 249 247)
3(102 105 145)
3(204 247 207)
3(103 148 146)
3(205 248 250)
3(103 146 106)
3(205 208 248)
3(169 125 85)
3(271 187 227)
3(170 127 86)
3(272 188 229)
3(171 126 87)
3(273 189 228)
3(172 128 88)
3(274 190 230)
3(94 142 122)
3(196 224 244)
3(93 141 121)
3(195 223 243)
3(99 144 124)
3(201 226 246)
3(97 143 123)
3(199 225 245)
3(82 122 142)
3(184 244 224)
3(81 121 141)
3(183 243 223)
3(84 124 144)
3(186 246 226)
3(83 123 143)
3(185 245 225)
3(96 126 137)
3(198 239 228)
3(95 125 138)
3(197 240 227)
3(100 128 139)
3(202 241 230)
3(98 127 140)
3(200 242 229)
3(104 107 181)
3(206 283 209)
3(30 109 31)
3(66 67 211)
3(39 110 40)
3(75 76 212)
3(21 111 22)
3(57 58 213)
3(12 112 13)
3(48 49 214)
3(22 111 157)
3(58 259 213)
3(13 112 158)
3(49 260 214)
3(31 109 159)
3(67 261 211)
3(40 110 160)
3(76 262 212)
3(103 106 171)
3(205 273 208)
3(104 108 172)
3(206 274 210)
3(81 137 126)
3(183 228 239)
3(82 138 125)
3(184 227 240)
3(83 139 128)
3(185 230 241)
3(84 140 127)
3(186 229 242)
3(102 150 105)
3(204 207 252)
3(104 152 107)
3(206 209 254)
3(107 147 181)
3(209 283 249)
3(80 147 145)
3(182 247 249)
3(80 146 148)
3(182 250 248)
3(96 157 111)
3(198 213 259)
3(100 158 112)
3(202 214 260)
3(95 159 109)
3(197 211 261)
3(98 160 110)
3(200 212 262)
3(27 113 28)
3(63 64 215)
3(36 114 37)
3(72 73 216)
3(18 115 19)
3(54 55 217)
3(9 116 10)
3(45 46 218)
3(23 117 24)
3(59 60 219)
3(14 119 15)
3(50 51 221)
3(32 118 33)
3(68 69 220)
3(41 120 42)
3(77 78 222)
3(30 133 109)
3(66 211 235)
3(39 134 110)
3(75 212 236)
3(21 135 111)
3(57 213 237)
3(12 136 112)
3(48 214 238)
3(96 137 117)
3(198 219 239)
3(95 138 118)
3(197 220 240)
3(100 139 119)
3(202 221 241)
3(98 140 120)
3(200 222 242)
3(85 109 173)
3(187 275 211)
3(86 110 174)
3(188 276 212)
3(87 111 175)
3(189 277 213)
3(88 112 176)
3(190 278 214)
3(101 121 149)
3(203 251 223)
3(102 122 150)
3(204 252 224)
3(103 123 151)
3(205 253 225)
3(104 124 152)
3(206 254 226)
3(89 141 113)
3(191 215 243)
3(90 142 114)
3(192 216 244)
3(91 143 115)
3(193 217 245)
3(92 144 116)
3(194 218 246)
3(81 149 121)
3(183 223 251)
3(82 150 122)
3(184 224 252)
3(83 151 123)
3(185 225 253)
3(84 152 124)
3(186 226 254)
3(101 149 146)
3(203 248 251)
3(106 146 149)
3(208 251 248)
3(103 151 148)
3(205 250 253)
3(108 148 151)
3(210 253 250)
3(29 133 30)
3(65 66 235)
3(38 134 39)
3(74 75 236)
3(20 135 21)
3(56 57 237)
3(11 136 12)
3(47 48 238)
3(85 125 177)
3(187 279 227)
3(87 126 179)
3(189 281 228)
3(86 127 178)
3(188 280 229)
3(88 128 180)
3(190 282 230)
3(27 161 113)
3(63 215 263)
3(36 162 114)
3(72 216 264)
3(18 163 115)
3(54 217 265)
3(9 164 116)
3(45 218 266)
3(24 117 165)
3(60 267 219)
3(15 119 166)
3(51 268 221)
3(33 118 167)
3(69 269 220)
3(42 120 168)
3(78 270 222)
3(94 114 142)
3(196 244 216)
3(93 113 141)
3(195 243 215)
3(99 116 144)
3(201 246 218)
3(97 115 143)
3(199 245 217)
3(89 117 137)
3(191 239 219)
3(90 118 138)
3(192 240 220)
3(91 119 139)
3(193 241 221)
3(92 120 140)
3(194 242 222)
3(17 163 18)
3(53 54 265)
3(26 161 27)
3(62 63 263)
3(8 164 9)
3(44 45 266)
3(35 162 36)
3(71 72 264)
3(24 165 25)
3(60 61 267)
3(15 166 16)
3(51 52 268)
3(33 167 34)
3(69 70 269)
3(42 168 43)
3(78 79 270)
3(109 133 173)
3(211 275 235)
3(110 134 174)
3(212 276 236)
3(111 135 175)
3(213 277 237)
3(112 136 176)
3(214 278 238)
3(17 131 163)
3(53 265 233)
3(8 132 164)
3(44 266 234)
3(26 129 161)
3(62 263 231)
3(35 130 162)
3(71 264 232)
3(25 165 129)
3(61 231 267)
3(16 166 131)
3(52 233 268)
3(34 167 130)
3(70 232 269)
3(43 168 132)
3(79 234 270)
3(89 137 141)
3(191 243 239)
3(90 138 142)
3(192 244 240)
3(91 139 143)
3(193 245 241)
3(92 140 144)
3(194 246 242)
3(101 169 121)
3(203 223 271)
3(102 170 122)
3(204 224 272)
3(103 171 123)
3(205 225 273)
3(104 172 124)
3(206 226 274)
3(85 177 109)
3(187 211 279)
3(86 178 110)
3(188 212 280)
3(95 109 177)
3(197 279 211)
3(98 110 178)
3(200 280 212)
3(87 179 111)
3(189 213 281)
3(88 180 112)
3(190 214 282)
3(96 111 179)
3(198 281 213)
3(100 112 180)
3(202 282 214)
3(28 113 153)
3(64 255 215)
3(37 114 154)
3(73 256 216)
3(95 118 159)
3(197 261 220)
3(93 153 113)
3(195 215 255)
3(94 154 114)
3(196 216 256)
3(96 117 157)
3(198 259 219)
3(98 120 160)
3(200 262 222)
3(100 119 158)
3(202 260 221)
3(32 159 118)
3(68 220 261)
3(23 157 117)
3(59 219 259)
3(41 160 120)
3(77 222 262)
3(14 158 119)
3(50 221 260)
3(19 115 155)
3(55 257 217)
3(10 116 156)
3(46 258 218)
3(97 155 115)
3(199 217 257)
3(99 156 116)
3(201 218 258)
3(85 121 169)
3(187 271 223)
3(86 122 170)
3(188 272 224)
3(87 123 171)
3(189 273 225)
3(88 124 172)
3(190 274 226)
3(101 145 169)
3(203 271 247)
3(105 169 145)
3(207 247 271)
3(102 147 170)
3(204 272 249)
3(107 170 147)
3(209 249 272)
3(89 113 161)
3(191 263 215)
3(90 114 162)
3(192 264 216)
3(89 165 117)
3(191 219 267)
3(91 115 163)
3(193 265 217)
3(90 167 118)
3(192 220 269)
3(92 116 164)
3(194 266 218)
3(91 166 119)
3(193 221 268)
3(92 168 120)
3(194 222 270)
3(93 121 173)
3(195 275 223)
3(85 173 121)
3(187 223 275)
3(94 122 174)
3(196 276 224)
3(86 174 122)
3(188 224 276)
3(87 175 123)
3(189 225 277)
3(97 123 175)
3(199 277 225)
3(99 124 176)
3(201 278 226)
3(88 176 124)
3(190 226 278)
3(105 150 125)
3(207 227 252)
3(82 125 150)
3(184 252 227)
3(106 149 126)
3(208 228 251)
3(81 126 149)
3(183 251 228)
3(107 152 127)
3(209 229 254)
3(108 151 128)
3(210 230 253)
3(84 127 152)
3(186 254 229)
3(83 128 151)
3(185 253 230)
3(81 141 137)
3(183 239 243)
3(82 142 138)
3(184 240 244)
3(83 143 139)
3(185 241 245)
3(84 144 140)
3(186 242 246)
3(89 161 129)
3(191 231 263)
3(90 162 130)
3(192 232 264)
3(89 129 165)
3(191 267 231)
3(90 130 167)
3(192 269 232)
3(91 163 131)
3(193 233 265)
3(91 131 166)
3(193 268 233)
3(92 164 132)
3(194 234 266)
3(92 132 168)
3(194 270 234)
3(80 145 146)
3(182 248 247)
3(101 146 145)
3(203 247 248)
3(29 153 133)
3(65 235 255)
3(38 154 134)
3(74 236 256)
3(93 133 153)
3(195 255 235)
3(94 134 154)
3(196 256 236)
3(20 155 135)
3(56 237 257)
3(11 156 136)
3(47 238 258)
3(97 135 155)
3(199 257 237)
3(99 136 156)
3(201 258 238)
3(28 153 29)
3(64 65 255)
3(37 154 38)
3(73 74 256)
3(19 155 20)
3(55 56 257)
3(10 156 11)
3(46 47 258)
3(22 157 23)
3(58 59 259)
3(13 158 14)
3(49 50 260)
3(31 159 32)
3(67 68 261)
3(40 160 41)
3(76 77 262)
3(95 177 125)
3(197 227 279)
3(96 179 126)
3(198 228 281)
3(98 178 127)
3(200 229 280)
3(100 180 128)
3(202 230 282)
3(93 173 133)
3(195 235 275)
3(94 174 134)
3(196 236 276)
3(97 175 135)
3(199 237 277)
3(99 176 136)
3(201 238 278)
3(80 148 181)
3(182 283 250)
3(80 181 147)
3(182 249 283)
4(1 17 53 5)
4(0 8 44 4)
4(3 35 71 7)
4(1 5 52 16)
4(0 4 79 43)
4(2 6 61 25)
4(39 40 76 75)
4(21 22 58 57)
4(12 13 49 48)
4(36 37 73 72)
4(18 19 55 54)
4(9 10 46 45)
4(23 24 60 59)
4(14 15 51 50)
4(41 42 78 77)
4(38 39 75 74)
4(20 21 57 56)
4(11 12 48 47)
4(17 18 54 53)
4(8 9 45 44)
4(35 36 72 71)
4(24 25 61 60)
4(15 16 52 51)
4(42 43 79 78)
4(37 38 74 73)
4(19 20 56 55)
4(10 11 47 46)
4(22 23 59 58)
4(13 14 50 49)
4(40 41 77 76)
4(2 26 62 6)
4(3 7 70 34)
4(30 31 67 66)
4(27 28 64 63)
4(32 33 69 68)
4(29 30 66 65)
4(26 27 63 62)
4(33 34 70 69)
4(28 29 65 64)
4(31 32 68 67)
)


// ************************************************************************* //
