/*--------------------------------*- C++ -*----------------------------------*\
  =========                 |
  \\      /  F ield         | OpenFOAM: The Open Source CFD Toolbox
   \\    /   O peration     | Website:  https://openfoam.org
    \\  /    A nd           | Version:  6
     \\/     M anipulation  |
\*---------------------------------------------------------------------------*/
FoamFile
{
    version     2.0;
    format      ascii;
    class       labelList;
    note        "nPoints:284  nCells:242  nFaces:867  nInternalFaces:343";
    location    "constant/polyMesh";
    object      neighbour;
}
// * * * * * * * * * * * * * * * * * * * * * * * * * * * * * * * * * * * * * //


343
(
9
93
240
5
130
6
131
7
132
8
133
135
137
134
136
34
44
18
175
194
20
43
196
19
177
198
21
44
199
15
52
176
49
175
17
53
92
43
91
98
170
100
171
99
172
101
173
26
110
188
27
111
186
28
112
192
29
113
191
87
203
86
202
89
205
88
204
45
70
233
46
71
232
47
72
235
48
73
234
50
51
41
66
42
67
39
68
40
69
54
228
55
229
56
230
57
231
144
145
197
202
195
203
201
204
200
205
79
194
81
198
177
241
214
241
214
240
152
159
153
161
148
156
149
160
102
154
103
155
104
166
105
167
106
163
107
165
108
162
109
164
94
126
95
127
96
128
97
129
114
159
115
156
116
161
117
160
126
146
187
127
147
189
128
150
190
129
151
193
86
90
142
87
143
88
92
144
89
145
111
138
178
110
139
179
113
140
181
112
141
183
197
195
201
200
91
215
196
93
199
216
217
220
221
146
232
150
233
147
234
151
235
119
178
121
179
118
181
120
183
122
180
123
184
124
182
125
185
158
157
169
168
138
180
139
182
140
184
141
185
130
132
131
133
134
135
136
137
236
237
238
239
210
212
206
207
208
211
209
213
202
203
204
205
170
174
171
176
172
173
148
149
232
234
152
153
233
235
157
224
158
225
162
218
219
163
164
165
230
228
231
229
168
226
169
227
222
223
187
189
190
193
175
215
177
206
207
208
210
209
212
211
213
187
236
189
237
191
238
193
239
195
197
200
201
208
209
211
213
215
218
224
219
225
236
237
222
226
223
227
238
239
241
)


// ************************************************************************* //
