/*--------------------------------*- C++ -*----------------------------------*\
  =========                 |
  \\      /  F ield         | OpenFOAM: The Open Source CFD Toolbox
   \\    /   O peration     | Website:  https://openfoam.org
    \\  /    A nd           | Version:  6
     \\/     M anipulation  |
\*---------------------------------------------------------------------------*/
FoamFile
{
    version     2.0;
    format      ascii;
    class       vectorField;
    location    "constant/polyMesh";
    object      points;
}
// * * * * * * * * * * * * * * * * * * * * * * * * * * * * * * * * * * * * * //


284
(
(0 0 0)
(1 0 0)
(1 1 0)
(0 1 0)
(0 0 0.1)
(1 0 0.1)
(1 1 0.1)
(0 1 0.1)
(0.1 0 0)
(0.2 0 0)
(0.3 0 0)
(0.4 0 0)
(0.5 0 0)
(0.6 0 0)
(0.7 0 0)
(0.8 0 0)
(0.9 0 0)
(1 0.1 0)
(1 0.2 0)
(1 0.3 0)
(1 0.4 0)
(1 0.5 0)
(1 0.6 0)
(1 0.7 0)
(1 0.8 0)
(1 0.9 0)
(0.9 1 0)
(0.8 1 0)
(0.7 1 0)
(0.6 1 0)
(0.5 1 0)
(0.4 1 0)
(0.3 1 0)
(0.2 1 0)
(0.1 1 0)
(0 0.9 0)
(0 0.8 0)
(0 0.7 0)
(0 0.6 0)
(0 0.5 0)
(0 0.4 0)
(0 0.3 0)
(0 0.2 0)
(0 0.1 0)
(0.1 0 0.1)
(0.2 0 0.1)
(0.3 0 0.1)
(0.4 0 0.1)
(0.5 0 0.1)
(0.6 0 0.1)
(0.7 0 0.1)
(0.8 0 0.1)
(0.9 0 0.1)
(1 0.1 0.1)
(1 0.2 0.1)
(1 0.3 0.1)
(1 0.4 0.1)
(1 0.5 0.1)
(1 0.6 0.1)
(1 0.7 0.1)
(1 0.8 0.1)
(1 0.9 0.1)
(0.9 1 0.1)
(0.8 1 0.1)
(0.7 1 0.1)
(0.6 1 0.1)
(0.5 1 0.1)
(0.4 1 0.1)
(0.3 1 0.1)
(0.2 1 0.1)
(0.1 1 0.1)
(0 0.9 0.1)
(0 0.8 0.1)
(0 0.7 0.1)
(0 0.6 0.1)
(0 0.5 0.1)
(0 0.4 0.1)
(0 0.3 0.1)
(0 0.2 0.1)
(0 0.1 0.1)
(0.5 0.5 0)
(0.707143 0.707143 0)
(0.292857 0.707143 0)
(0.707143 0.292857 0)
(0.292857 0.292857 0)
(0.497 0.78488 0)
(0.21512 0.497 0)
(0.78488 0.503 0)
(0.503 0.21512 0)
(0.829497 0.829497 0)
(0.170503 0.829497 0)
(0.829497 0.170503 0)
(0.170503 0.170503 0)
(0.64071 0.848866 0)
(0.151134 0.64071 0)
(0.359205 0.848175 0)
(0.848175 0.640795 0)
(0.848866 0.35929 0)
(0.151825 0.359205 0)
(0.35929 0.151134 0)
(0.640795 0.151825 0)
(0.566986 0.640157 0)
(0.363936 0.572011 0)
(0.640157 0.433014 0)
(0.431769 0.356433 0)
(0.431587 0.659528 0)
(0.666173 0.558699 0)
(0.345738 0.434531 0)
(0.558699 0.333827 0)
(0.460465 0.890324 0)
(0.109676 0.460465 0)
(0.890324 0.539535 0)
(0.539535 0.109676 0)
(0.739074 0.902335 0)
(0.0976651 0.739074 0)
(0.902335 0.260926 0)
(0.260926 0.0976651 0)
(0.900559 0.740305 0)
(0.259695 0.900559 0)
(0.740305 0.0994409 0)
(0.0994409 0.259695 0)
(0.604121 0.745283 0)
(0.255748 0.607779 0)
(0.745283 0.395879 0)
(0.395879 0.254717 0)
(0.393407 0.746481 0)
(0.747312 0.605379 0)
(0.254177 0.393775 0)
(0.605379 0.252688 0)
(0.900122 0.900122 0)
(0.0998781 0.900122 0)
(0.900122 0.0998781 0)
(0.0998781 0.0998781 0)
(0.56908 0.916779 0)
(0.0832208 0.56908 0)
(0.916779 0.43092 0)
(0.43092 0.0832208 0)
(0.793413 0.720731 0)
(0.279067 0.793275 0)
(0.720731 0.206587 0)
(0.206835 0.279128 0)
(0.727794 0.801265 0)
(0.198735 0.727794 0)
(0.801265 0.272206 0)
(0.272206 0.198735 0)
(0.487185 0.589351 0)
(0.580327 0.541124 0)
(0.409677 0.491135 0)
(0.554918 0.426801 0)
(0.650232 0.640017 0)
(0.353859 0.654371 0)
(0.642499 0.348048 0)
(0.347016 0.354627 0)
(0.649773 0.933596 0)
(0.066404 0.649773 0)
(0.933596 0.350227 0)
(0.350227 0.066404 0)
(0.927812 0.644127 0)
(0.644127 0.0721883 0)
(0.355873 0.927812 0)
(0.0721883 0.355873 0)
(0.820102 0.920029 0)
(0.0799714 0.820102 0)
(0.920029 0.179898 0)
(0.179898 0.0799714 0)
(0.920029 0.820102 0)
(0.820102 0.0799714 0)
(0.179898 0.920029 0)
(0.0799714 0.179898 0)
(0.507721 0.698509 0)
(0.302103 0.508689 0)
(0.712239 0.495415 0)
(0.495238 0.287274 0)
(0.554275 0.837226 0)
(0.166875 0.55907 0)
(0.837226 0.445725 0)
(0.445725 0.162774 0)
(0.427519 0.817465 0)
(0.182699 0.427611 0)
(0.817673 0.572177 0)
(0.572177 0.182327 0)
(0.461024 0.432542 0)
(0.5 0.5 0.1)
(0.707143 0.707143 0.1)
(0.292857 0.707143 0.1)
(0.707143 0.292857 0.1)
(0.292857 0.292857 0.1)
(0.497 0.78488 0.1)
(0.21512 0.497 0.1)
(0.78488 0.503 0.1)
(0.503 0.21512 0.1)
(0.829497 0.829497 0.1)
(0.170503 0.829497 0.1)
(0.829497 0.170503 0.1)
(0.170503 0.170503 0.1)
(0.64071 0.848866 0.1)
(0.151134 0.64071 0.1)
(0.359205 0.848175 0.1)
(0.848175 0.640795 0.1)
(0.848866 0.35929 0.1)
(0.151825 0.359205 0.1)
(0.35929 0.151134 0.1)
(0.640795 0.151825 0.1)
(0.566986 0.640157 0.1)
(0.363936 0.572011 0.1)
(0.640157 0.433014 0.1)
(0.431769 0.356433 0.1)
(0.431587 0.659528 0.1)
(0.666173 0.558699 0.1)
(0.345738 0.434531 0.1)
(0.558699 0.333827 0.1)
(0.460465 0.890324 0.1)
(0.109676 0.460465 0.1)
(0.890324 0.539535 0.1)
(0.539535 0.109676 0.1)
(0.739074 0.902335 0.1)
(0.0976651 0.739074 0.1)
(0.902335 0.260926 0.1)
(0.260926 0.0976651 0.1)
(0.900559 0.740305 0.1)
(0.259695 0.900559 0.1)
(0.740305 0.0994409 0.1)
(0.0994409 0.259695 0.1)
(0.604121 0.745283 0.1)
(0.255748 0.607779 0.1)
(0.745283 0.395879 0.1)
(0.395879 0.254717 0.1)
(0.393407 0.746481 0.1)
(0.747312 0.605379 0.1)
(0.254177 0.393775 0.1)
(0.605379 0.252688 0.1)
(0.900122 0.900122 0.1)
(0.0998781 0.900122 0.1)
(0.900122 0.0998781 0.1)
(0.0998781 0.0998781 0.1)
(0.56908 0.916779 0.1)
(0.0832208 0.56908 0.1)
(0.916779 0.43092 0.1)
(0.43092 0.0832208 0.1)
(0.793413 0.720731 0.1)
(0.279067 0.793275 0.1)
(0.720731 0.206587 0.1)
(0.206835 0.279128 0.1)
(0.727794 0.801265 0.1)
(0.198735 0.727794 0.1)
(0.801265 0.272206 0.1)
(0.272206 0.198735 0.1)
(0.487185 0.589351 0.1)
(0.580327 0.541124 0.1)
(0.409677 0.491135 0.1)
(0.554918 0.426801 0.1)
(0.650232 0.640017 0.1)
(0.353859 0.654371 0.1)
(0.642499 0.348048 0.1)
(0.347016 0.354627 0.1)
(0.649773 0.933596 0.1)
(0.066404 0.649773 0.1)
(0.933596 0.350227 0.1)
(0.350227 0.066404 0.1)
(0.927812 0.644127 0.1)
(0.644127 0.0721883 0.1)
(0.355873 0.927812 0.1)
(0.0721883 0.355873 0.1)
(0.820102 0.920029 0.1)
(0.0799714 0.820102 0.1)
(0.920029 0.179898 0.1)
(0.179898 0.0799714 0.1)
(0.920029 0.820102 0.1)
(0.820102 0.0799714 0.1)
(0.179898 0.920029 0.1)
(0.0799714 0.179898 0.1)
(0.507721 0.698509 0.1)
(0.302103 0.508689 0.1)
(0.712239 0.495415 0.1)
(0.495238 0.287274 0.1)
(0.554275 0.837226 0.1)
(0.166875 0.55907 0.1)
(0.837226 0.445725 0.1)
(0.445725 0.162774 0.1)
(0.427519 0.817465 0.1)
(0.182699 0.427611 0.1)
(0.817673 0.572177 0.1)
(0.572177 0.182327 0.1)
(0.461024 0.432542 0.1)
)


// ************************************************************************* //
