/*--------------------------------*- C++ -*----------------------------------*\
| =========                 |                                                 |
| \\      /  F ield         | OpenFOAM: The Open Source CFD Toolbox           |
|  \\    /   O peration     | Version:  5.0                                   |
|   \\  /    A nd           | Web:      www.OpenFOAM.org                      |
|    \\/     M anipulation  |                                                 |
\*---------------------------------------------------------------------------*/
FoamFile
{
    version     2.0;
    format      ascii;
    class       faceList;
    location    "constant/polyMesh";
    object      faces;
}
// * * * * * * * * * * * * * * * * * * * * * * * * * * * * * * * * * * * * * //


2691
(
4(72 172 524 451)
4(39 451 524 108)
4(8 108 524 172)
4(73 173 525 452)
4(451 452 525 524)
4(172 524 525 173)
4(74 174 526 453)
4(452 453 526 525)
4(173 525 526 174)
4(75 175 527 454)
4(453 454 527 526)
4(174 526 527 175)
4(76 176 528 455)
4(454 455 528 527)
4(175 527 528 176)
4(77 177 529 456)
4(455 456 529 528)
4(176 528 529 177)
4(78 178 530 457)
4(456 457 530 529)
4(177 529 530 178)
4(79 179 531 458)
4(457 458 531 530)
4(178 530 531 179)
4(80 180 532 459)
4(458 459 532 531)
4(179 531 532 180)
4(459 71 460 532)
4(180 532 460 40)
4(451 524 533 442)
4(38 442 533 109)
4(108 109 533 524)
4(452 525 534 443)
4(442 443 534 533)
4(524 533 534 525)
4(453 526 535 444)
4(443 444 535 534)
4(525 534 535 526)
4(454 527 536 445)
4(444 445 536 535)
4(526 535 536 527)
4(455 528 537 446)
4(445 446 537 536)
4(527 536 537 528)
4(456 529 538 447)
4(446 447 538 537)
4(528 537 538 529)
4(457 530 539 448)
4(447 448 539 538)
4(529 538 539 530)
4(458 531 540 449)
4(448 449 540 539)
4(530 539 540 531)
4(459 532 541 450)
4(449 450 541 540)
4(531 540 541 532)
4(450 70 461 541)
4(532 541 461 460)
4(442 533 542 433)
4(37 433 542 110)
4(109 110 542 533)
4(443 534 543 434)
4(433 434 543 542)
4(533 542 543 534)
4(444 535 544 435)
4(434 435 544 543)
4(534 543 544 535)
4(445 536 545 436)
4(435 436 545 544)
4(535 544 545 536)
4(446 537 546 437)
4(436 437 546 545)
4(536 545 546 537)
4(447 538 547 438)
4(437 438 547 546)
4(537 546 547 538)
4(448 539 548 439)
4(438 439 548 547)
4(538 547 548 539)
4(449 540 549 440)
4(439 440 549 548)
4(539 548 549 540)
4(450 541 550 441)
4(440 441 550 549)
4(540 549 550 541)
4(441 69 462 550)
4(541 550 462 461)
4(433 542 551 424)
4(36 424 551 111)
4(110 111 551 542)
4(434 543 552 425)
4(424 425 552 551)
4(542 551 552 543)
4(435 544 553 426)
4(425 426 553 552)
4(543 552 553 544)
4(436 545 554 427)
4(426 427 554 553)
4(544 553 554 545)
4(437 546 555 428)
4(427 428 555 554)
4(545 554 555 546)
4(438 547 556 429)
4(428 429 556 555)
4(546 555 556 547)
4(439 548 557 430)
4(429 430 557 556)
4(547 556 557 548)
4(440 549 558 431)
4(430 431 558 557)
4(548 557 558 549)
4(441 550 559 432)
4(431 432 559 558)
4(549 558 559 550)
4(432 68 463 559)
4(550 559 463 462)
4(424 551 560 415)
4(35 415 560 112)
4(111 112 560 551)
4(425 552 561 416)
4(415 416 561 560)
4(551 560 561 552)
4(426 553 562 417)
4(416 417 562 561)
4(552 561 562 553)
4(427 554 563 418)
4(417 418 563 562)
4(553 562 563 554)
4(428 555 564 419)
4(418 419 564 563)
4(554 563 564 555)
4(429 556 565 420)
4(419 420 565 564)
4(555 564 565 556)
4(430 557 566 421)
4(420 421 566 565)
4(556 565 566 557)
4(431 558 567 422)
4(421 422 567 566)
4(557 566 567 558)
4(432 559 568 423)
4(422 423 568 567)
4(558 567 568 559)
4(423 67 464 568)
4(559 568 464 463)
4(415 560 569 406)
4(34 406 569 113)
4(112 113 569 560)
4(416 561 570 407)
4(406 407 570 569)
4(560 569 570 561)
4(417 562 571 408)
4(407 408 571 570)
4(561 570 571 562)
4(418 563 572 409)
4(408 409 572 571)
4(562 571 572 563)
4(419 564 573 410)
4(409 410 573 572)
4(563 572 573 564)
4(420 565 574 411)
4(410 411 574 573)
4(564 573 574 565)
4(421 566 575 412)
4(411 412 575 574)
4(565 574 575 566)
4(422 567 576 413)
4(412 413 576 575)
4(566 575 576 567)
4(423 568 577 414)
4(413 414 577 576)
4(567 576 577 568)
4(414 66 465 577)
4(568 577 465 464)
4(406 569 578 397)
4(33 397 578 114)
4(113 114 578 569)
4(407 570 579 398)
4(397 398 579 578)
4(569 578 579 570)
4(408 571 580 399)
4(398 399 580 579)
4(570 579 580 571)
4(409 572 581 400)
4(399 400 581 580)
4(571 580 581 572)
4(410 573 582 401)
4(400 401 582 581)
4(572 581 582 573)
4(411 574 583 402)
4(401 402 583 582)
4(573 582 583 574)
4(412 575 584 403)
4(402 403 584 583)
4(574 583 584 575)
4(413 576 585 404)
4(403 404 585 584)
4(575 584 585 576)
4(414 577 586 405)
4(404 405 586 585)
4(576 585 586 577)
4(405 65 466 586)
4(577 586 466 465)
4(397 578 587 388)
4(32 388 587 115)
4(114 115 587 578)
4(398 579 588 389)
4(388 389 588 587)
4(578 587 588 579)
4(399 580 589 390)
4(389 390 589 588)
4(579 588 589 580)
4(400 581 590 391)
4(390 391 590 589)
4(580 589 590 581)
4(401 582 591 392)
4(391 392 591 590)
4(581 590 591 582)
4(402 583 592 393)
4(392 393 592 591)
4(582 591 592 583)
4(403 584 593 394)
4(393 394 593 592)
4(583 592 593 584)
4(404 585 594 395)
4(394 395 594 593)
4(584 593 594 585)
4(405 586 595 396)
4(395 396 595 594)
4(585 594 595 586)
4(396 64 467 595)
4(586 595 467 466)
4(388 587 379 99)
4(115 31 379 587)
4(389 588 380 100)
4(587 379 380 588)
4(390 589 381 101)
4(588 380 381 589)
4(391 590 382 102)
4(589 381 382 590)
4(392 591 383 103)
4(590 382 383 591)
4(393 592 384 104)
4(591 383 384 592)
4(394 593 385 105)
4(592 384 385 593)
4(395 594 386 106)
4(593 385 386 594)
4(396 595 387 107)
4(594 386 387 595)
4(595 387 63 467)
4(172 181 596 524)
4(108 524 596 116)
4(9 116 596 181)
4(173 182 597 525)
4(524 525 597 596)
4(181 596 597 182)
4(174 183 598 526)
4(525 526 598 597)
4(182 597 598 183)
4(175 184 599 527)
4(526 527 599 598)
4(183 598 599 184)
4(176 185 600 528)
4(527 528 600 599)
4(184 599 600 185)
4(177 186 601 529)
4(528 529 601 600)
4(185 600 601 186)
4(178 187 602 530)
4(529 530 602 601)
4(186 601 602 187)
4(179 188 603 531)
4(530 531 603 602)
4(187 602 603 188)
4(180 189 604 532)
4(531 532 604 603)
4(188 603 604 189)
4(532 460 468 604)
4(189 604 468 41)
4(524 596 605 533)
4(109 533 605 117)
4(116 117 605 596)
4(525 597 606 534)
4(533 534 606 605)
4(596 605 606 597)
4(526 598 607 535)
4(534 535 607 606)
4(597 606 607 598)
4(527 599 608 536)
4(535 536 608 607)
4(598 607 608 599)
4(528 600 609 537)
4(536 537 609 608)
4(599 608 609 600)
4(529 601 610 538)
4(537 538 610 609)
4(600 609 610 601)
4(530 602 611 539)
4(538 539 611 610)
4(601 610 611 602)
4(531 603 612 540)
4(539 540 612 611)
4(602 611 612 603)
4(532 604 613 541)
4(540 541 613 612)
4(603 612 613 604)
4(541 461 469 613)
4(604 613 469 468)
4(533 605 614 542)
4(110 542 614 118)
4(117 118 614 605)
4(534 606 615 543)
4(542 543 615 614)
4(605 614 615 606)
4(535 607 616 544)
4(543 544 616 615)
4(606 615 616 607)
4(536 608 617 545)
4(544 545 617 616)
4(607 616 617 608)
4(537 609 618 546)
4(545 546 618 617)
4(608 617 618 609)
4(538 610 619 547)
4(546 547 619 618)
4(609 618 619 610)
4(539 611 620 548)
4(547 548 620 619)
4(610 619 620 611)
4(540 612 621 549)
4(548 549 621 620)
4(611 620 621 612)
4(541 613 622 550)
4(549 550 622 621)
4(612 621 622 613)
4(550 462 470 622)
4(613 622 470 469)
4(542 614 623 551)
4(111 551 623 119)
4(118 119 623 614)
4(543 615 624 552)
4(551 552 624 623)
4(614 623 624 615)
4(544 616 625 553)
4(552 553 625 624)
4(615 624 625 616)
4(545 617 626 554)
4(553 554 626 625)
4(616 625 626 617)
4(546 618 627 555)
4(554 555 627 626)
4(617 626 627 618)
4(547 619 628 556)
4(555 556 628 627)
4(618 627 628 619)
4(548 620 629 557)
4(556 557 629 628)
4(619 628 629 620)
4(549 621 630 558)
4(557 558 630 629)
4(620 629 630 621)
4(550 622 631 559)
4(558 559 631 630)
4(621 630 631 622)
4(559 463 471 631)
4(622 631 471 470)
4(551 623 632 560)
4(112 560 632 120)
4(119 120 632 623)
4(552 624 633 561)
4(560 561 633 632)
4(623 632 633 624)
4(553 625 634 562)
4(561 562 634 633)
4(624 633 634 625)
4(554 626 635 563)
4(562 563 635 634)
4(625 634 635 626)
4(555 627 636 564)
4(563 564 636 635)
4(626 635 636 627)
4(556 628 637 565)
4(564 565 637 636)
4(627 636 637 628)
4(557 629 638 566)
4(565 566 638 637)
4(628 637 638 629)
4(558 630 639 567)
4(566 567 639 638)
4(629 638 639 630)
4(559 631 640 568)
4(567 568 640 639)
4(630 639 640 631)
4(568 464 472 640)
4(631 640 472 471)
4(560 632 641 569)
4(113 569 641 121)
4(120 121 641 632)
4(561 633 642 570)
4(569 570 642 641)
4(632 641 642 633)
4(562 634 643 571)
4(570 571 643 642)
4(633 642 643 634)
4(563 635 644 572)
4(571 572 644 643)
4(634 643 644 635)
4(564 636 645 573)
4(572 573 645 644)
4(635 644 645 636)
4(565 637 646 574)
4(573 574 646 645)
4(636 645 646 637)
4(566 638 647 575)
4(574 575 647 646)
4(637 646 647 638)
4(567 639 648 576)
4(575 576 648 647)
4(638 647 648 639)
4(568 640 649 577)
4(576 577 649 648)
4(639 648 649 640)
4(577 465 473 649)
4(640 649 473 472)
4(569 641 650 578)
4(114 578 650 122)
4(121 122 650 641)
4(570 642 651 579)
4(578 579 651 650)
4(641 650 651 642)
4(571 643 652 580)
4(579 580 652 651)
4(642 651 652 643)
4(572 644 653 581)
4(580 581 653 652)
4(643 652 653 644)
4(573 645 654 582)
4(581 582 654 653)
4(644 653 654 645)
4(574 646 655 583)
4(582 583 655 654)
4(645 654 655 646)
4(575 647 656 584)
4(583 584 656 655)
4(646 655 656 647)
4(576 648 657 585)
4(584 585 657 656)
4(647 656 657 648)
4(577 649 658 586)
4(585 586 658 657)
4(648 657 658 649)
4(586 466 474 658)
4(649 658 474 473)
4(578 650 659 587)
4(115 587 659 123)
4(122 123 659 650)
4(579 651 660 588)
4(587 588 660 659)
4(650 659 660 651)
4(580 652 661 589)
4(588 589 661 660)
4(651 660 661 652)
4(581 653 662 590)
4(589 590 662 661)
4(652 661 662 653)
4(582 654 663 591)
4(590 591 663 662)
4(653 662 663 654)
4(583 655 664 592)
4(591 592 664 663)
4(654 663 664 655)
4(584 656 665 593)
4(592 593 665 664)
4(655 664 665 656)
4(585 657 666 594)
4(593 594 666 665)
4(656 665 666 657)
4(586 658 667 595)
4(594 595 667 666)
4(657 666 667 658)
4(595 467 475 667)
4(658 667 475 474)
4(587 659 370 379)
4(123 30 370 659)
4(588 660 371 380)
4(659 370 371 660)
4(589 661 372 381)
4(660 371 372 661)
4(590 662 373 382)
4(661 372 373 662)
4(591 663 374 383)
4(662 373 374 663)
4(592 664 375 384)
4(663 374 375 664)
4(593 665 376 385)
4(664 375 376 665)
4(594 666 377 386)
4(665 376 377 666)
4(595 667 378 387)
4(666 377 378 667)
4(667 378 62 475)
4(181 190 668 596)
4(116 596 668 124)
4(10 124 668 190)
4(182 191 669 597)
4(596 597 669 668)
4(190 668 669 191)
4(183 192 670 598)
4(597 598 670 669)
4(191 669 670 192)
4(184 193 671 599)
4(598 599 671 670)
4(192 670 671 193)
4(185 194 672 600)
4(599 600 672 671)
4(193 671 672 194)
4(186 195 673 601)
4(600 601 673 672)
4(194 672 673 195)
4(187 196 674 602)
4(601 602 674 673)
4(195 673 674 196)
4(188 197 675 603)
4(602 603 675 674)
4(196 674 675 197)
4(189 198 676 604)
4(603 604 676 675)
4(197 675 676 198)
4(604 468 476 676)
4(198 676 476 42)
4(596 668 677 605)
4(117 605 677 125)
4(124 125 677 668)
4(597 669 678 606)
4(605 606 678 677)
4(668 677 678 669)
4(598 670 679 607)
4(606 607 679 678)
4(669 678 679 670)
4(599 671 680 608)
4(607 608 680 679)
4(670 679 680 671)
4(600 672 681 609)
4(608 609 681 680)
4(671 680 681 672)
4(601 673 682 610)
4(609 610 682 681)
4(672 681 682 673)
4(602 674 683 611)
4(610 611 683 682)
4(673 682 683 674)
4(603 675 684 612)
4(611 612 684 683)
4(674 683 684 675)
4(604 676 685 613)
4(612 613 685 684)
4(675 684 685 676)
4(613 469 477 685)
4(676 685 477 476)
4(605 677 686 614)
4(118 614 686 126)
4(125 126 686 677)
4(606 678 687 615)
4(614 615 687 686)
4(677 686 687 678)
4(607 679 688 616)
4(615 616 688 687)
4(678 687 688 679)
4(608 680 689 617)
4(616 617 689 688)
4(679 688 689 680)
4(609 681 690 618)
4(617 618 690 689)
4(680 689 690 681)
4(610 682 691 619)
4(618 619 691 690)
4(681 690 691 682)
4(611 683 692 620)
4(619 620 692 691)
4(682 691 692 683)
4(612 684 693 621)
4(620 621 693 692)
4(683 692 693 684)
4(613 685 694 622)
4(621 622 694 693)
4(684 693 694 685)
4(622 470 478 694)
4(685 694 478 477)
4(614 686 695 623)
4(119 623 695 127)
4(126 127 695 686)
4(615 687 696 624)
4(623 624 696 695)
4(686 695 696 687)
4(616 688 697 625)
4(624 625 697 696)
4(687 696 697 688)
4(617 689 698 626)
4(625 626 698 697)
4(688 697 698 689)
4(618 690 699 627)
4(626 627 699 698)
4(689 698 699 690)
4(619 691 700 628)
4(627 628 700 699)
4(690 699 700 691)
4(620 692 701 629)
4(628 629 701 700)
4(691 700 701 692)
4(621 693 702 630)
4(629 630 702 701)
4(692 701 702 693)
4(622 694 703 631)
4(630 631 703 702)
4(693 702 703 694)
4(631 471 479 703)
4(694 703 479 478)
4(623 695 704 632)
4(120 632 704 128)
4(127 128 704 695)
4(624 696 705 633)
4(632 633 705 704)
4(695 704 705 696)
4(625 697 706 634)
4(633 634 706 705)
4(696 705 706 697)
4(626 698 707 635)
4(634 635 707 706)
4(697 706 707 698)
4(627 699 708 636)
4(635 636 708 707)
4(698 707 708 699)
4(628 700 709 637)
4(636 637 709 708)
4(699 708 709 700)
4(629 701 710 638)
4(637 638 710 709)
4(700 709 710 701)
4(630 702 711 639)
4(638 639 711 710)
4(701 710 711 702)
4(631 703 712 640)
4(639 640 712 711)
4(702 711 712 703)
4(640 472 480 712)
4(703 712 480 479)
4(632 704 713 641)
4(121 641 713 129)
4(128 129 713 704)
4(633 705 714 642)
4(641 642 714 713)
4(704 713 714 705)
4(634 706 715 643)
4(642 643 715 714)
4(705 714 715 706)
4(635 707 716 644)
4(643 644 716 715)
4(706 715 716 707)
4(636 708 717 645)
4(644 645 717 716)
4(707 716 717 708)
4(637 709 718 646)
4(645 646 718 717)
4(708 717 718 709)
4(638 710 719 647)
4(646 647 719 718)
4(709 718 719 710)
4(639 711 720 648)
4(647 648 720 719)
4(710 719 720 711)
4(640 712 721 649)
4(648 649 721 720)
4(711 720 721 712)
4(649 473 481 721)
4(712 721 481 480)
4(641 713 722 650)
4(122 650 722 130)
4(129 130 722 713)
4(642 714 723 651)
4(650 651 723 722)
4(713 722 723 714)
4(643 715 724 652)
4(651 652 724 723)
4(714 723 724 715)
4(644 716 725 653)
4(652 653 725 724)
4(715 724 725 716)
4(645 717 726 654)
4(653 654 726 725)
4(716 725 726 717)
4(646 718 727 655)
4(654 655 727 726)
4(717 726 727 718)
4(647 719 728 656)
4(655 656 728 727)
4(718 727 728 719)
4(648 720 729 657)
4(656 657 729 728)
4(719 728 729 720)
4(649 721 730 658)
4(657 658 730 729)
4(720 729 730 721)
4(658 474 482 730)
4(721 730 482 481)
4(650 722 731 659)
4(123 659 731 131)
4(130 131 731 722)
4(651 723 732 660)
4(659 660 732 731)
4(722 731 732 723)
4(652 724 733 661)
4(660 661 733 732)
4(723 732 733 724)
4(653 725 734 662)
4(661 662 734 733)
4(724 733 734 725)
4(654 726 735 663)
4(662 663 735 734)
4(725 734 735 726)
4(655 727 736 664)
4(663 664 736 735)
4(726 735 736 727)
4(656 728 737 665)
4(664 665 737 736)
4(727 736 737 728)
4(657 729 738 666)
4(665 666 738 737)
4(728 737 738 729)
4(658 730 739 667)
4(666 667 739 738)
4(729 738 739 730)
4(667 475 483 739)
4(730 739 483 482)
4(659 731 361 370)
4(131 29 361 731)
4(660 732 362 371)
4(731 361 362 732)
4(661 733 363 372)
4(732 362 363 733)
4(662 734 364 373)
4(733 363 364 734)
4(663 735 365 374)
4(734 364 365 735)
4(664 736 366 375)
4(735 365 366 736)
4(665 737 367 376)
4(736 366 367 737)
4(666 738 368 377)
4(737 367 368 738)
4(667 739 369 378)
4(738 368 369 739)
4(739 369 61 483)
4(190 199 740 668)
4(124 668 740 132)
4(11 132 740 199)
4(191 200 741 669)
4(668 669 741 740)
4(199 740 741 200)
4(192 201 742 670)
4(669 670 742 741)
4(200 741 742 201)
4(193 202 743 671)
4(670 671 743 742)
4(201 742 743 202)
4(194 203 744 672)
4(671 672 744 743)
4(202 743 744 203)
4(195 204 745 673)
4(672 673 745 744)
4(203 744 745 204)
4(196 205 746 674)
4(673 674 746 745)
4(204 745 746 205)
4(197 206 747 675)
4(674 675 747 746)
4(205 746 747 206)
4(198 207 748 676)
4(675 676 748 747)
4(206 747 748 207)
4(676 476 484 748)
4(207 748 484 43)
4(668 740 749 677)
4(125 677 749 133)
4(132 133 749 740)
4(669 741 750 678)
4(677 678 750 749)
4(740 749 750 741)
4(670 742 751 679)
4(678 679 751 750)
4(741 750 751 742)
4(671 743 752 680)
4(679 680 752 751)
4(742 751 752 743)
4(672 744 753 681)
4(680 681 753 752)
4(743 752 753 744)
4(673 745 754 682)
4(681 682 754 753)
4(744 753 754 745)
4(674 746 755 683)
4(682 683 755 754)
4(745 754 755 746)
4(675 747 756 684)
4(683 684 756 755)
4(746 755 756 747)
4(676 748 757 685)
4(684 685 757 756)
4(747 756 757 748)
4(685 477 485 757)
4(748 757 485 484)
4(677 749 758 686)
4(126 686 758 134)
4(133 134 758 749)
4(678 750 759 687)
4(686 687 759 758)
4(749 758 759 750)
4(679 751 760 688)
4(687 688 760 759)
4(750 759 760 751)
4(680 752 761 689)
4(688 689 761 760)
4(751 760 761 752)
4(681 753 762 690)
4(689 690 762 761)
4(752 761 762 753)
4(682 754 763 691)
4(690 691 763 762)
4(753 762 763 754)
4(683 755 764 692)
4(691 692 764 763)
4(754 763 764 755)
4(684 756 765 693)
4(692 693 765 764)
4(755 764 765 756)
4(685 757 766 694)
4(693 694 766 765)
4(756 765 766 757)
4(694 478 486 766)
4(757 766 486 485)
4(686 758 767 695)
4(127 695 767 135)
4(134 135 767 758)
4(687 759 768 696)
4(695 696 768 767)
4(758 767 768 759)
4(688 760 769 697)
4(696 697 769 768)
4(759 768 769 760)
4(689 761 770 698)
4(697 698 770 769)
4(760 769 770 761)
4(690 762 771 699)
4(698 699 771 770)
4(761 770 771 762)
4(691 763 772 700)
4(699 700 772 771)
4(762 771 772 763)
4(692 764 773 701)
4(700 701 773 772)
4(763 772 773 764)
4(693 765 774 702)
4(701 702 774 773)
4(764 773 774 765)
4(694 766 775 703)
4(702 703 775 774)
4(765 774 775 766)
4(703 479 487 775)
4(766 775 487 486)
4(695 767 776 704)
4(128 704 776 136)
4(135 136 776 767)
4(696 768 777 705)
4(704 705 777 776)
4(767 776 777 768)
4(697 769 778 706)
4(705 706 778 777)
4(768 777 778 769)
4(698 770 779 707)
4(706 707 779 778)
4(769 778 779 770)
4(699 771 780 708)
4(707 708 780 779)
4(770 779 780 771)
4(700 772 781 709)
4(708 709 781 780)
4(771 780 781 772)
4(701 773 782 710)
4(709 710 782 781)
4(772 781 782 773)
4(702 774 783 711)
4(710 711 783 782)
4(773 782 783 774)
4(703 775 784 712)
4(711 712 784 783)
4(774 783 784 775)
4(712 480 488 784)
4(775 784 488 487)
4(704 776 785 713)
4(129 713 785 137)
4(136 137 785 776)
4(705 777 786 714)
4(713 714 786 785)
4(776 785 786 777)
4(706 778 787 715)
4(714 715 787 786)
4(777 786 787 778)
4(707 779 788 716)
4(715 716 788 787)
4(778 787 788 779)
4(708 780 789 717)
4(716 717 789 788)
4(779 788 789 780)
4(709 781 790 718)
4(717 718 790 789)
4(780 789 790 781)
4(710 782 791 719)
4(718 719 791 790)
4(781 790 791 782)
4(711 783 792 720)
4(719 720 792 791)
4(782 791 792 783)
4(712 784 793 721)
4(720 721 793 792)
4(783 792 793 784)
4(721 481 489 793)
4(784 793 489 488)
4(713 785 794 722)
4(130 722 794 138)
4(137 138 794 785)
4(714 786 795 723)
4(722 723 795 794)
4(785 794 795 786)
4(715 787 796 724)
4(723 724 796 795)
4(786 795 796 787)
4(716 788 797 725)
4(724 725 797 796)
4(787 796 797 788)
4(717 789 798 726)
4(725 726 798 797)
4(788 797 798 789)
4(718 790 799 727)
4(726 727 799 798)
4(789 798 799 790)
4(719 791 800 728)
4(727 728 800 799)
4(790 799 800 791)
4(720 792 801 729)
4(728 729 801 800)
4(791 800 801 792)
4(721 793 802 730)
4(729 730 802 801)
4(792 801 802 793)
4(730 482 490 802)
4(793 802 490 489)
4(722 794 803 731)
4(131 731 803 139)
4(138 139 803 794)
4(723 795 804 732)
4(731 732 804 803)
4(794 803 804 795)
4(724 796 805 733)
4(732 733 805 804)
4(795 804 805 796)
4(725 797 806 734)
4(733 734 806 805)
4(796 805 806 797)
4(726 798 807 735)
4(734 735 807 806)
4(797 806 807 798)
4(727 799 808 736)
4(735 736 808 807)
4(798 807 808 799)
4(728 800 809 737)
4(736 737 809 808)
4(799 808 809 800)
4(729 801 810 738)
4(737 738 810 809)
4(800 809 810 801)
4(730 802 811 739)
4(738 739 811 810)
4(801 810 811 802)
4(739 483 491 811)
4(802 811 491 490)
4(731 803 352 361)
4(139 28 352 803)
4(732 804 353 362)
4(803 352 353 804)
4(733 805 354 363)
4(804 353 354 805)
4(734 806 355 364)
4(805 354 355 806)
4(735 807 356 365)
4(806 355 356 807)
4(736 808 357 366)
4(807 356 357 808)
4(737 809 358 367)
4(808 357 358 809)
4(738 810 359 368)
4(809 358 359 810)
4(739 811 360 369)
4(810 359 360 811)
4(811 360 60 491)
4(199 208 812 740)
4(132 740 812 140)
4(12 140 812 208)
4(200 209 813 741)
4(740 741 813 812)
4(208 812 813 209)
4(201 210 814 742)
4(741 742 814 813)
4(209 813 814 210)
4(202 211 815 743)
4(742 743 815 814)
4(210 814 815 211)
4(203 212 816 744)
4(743 744 816 815)
4(211 815 816 212)
4(204 213 817 745)
4(744 745 817 816)
4(212 816 817 213)
4(205 214 818 746)
4(745 746 818 817)
4(213 817 818 214)
4(206 215 819 747)
4(746 747 819 818)
4(214 818 819 215)
4(207 216 820 748)
4(747 748 820 819)
4(215 819 820 216)
4(748 484 492 820)
4(216 820 492 44)
4(740 812 821 749)
4(133 749 821 141)
4(140 141 821 812)
4(741 813 822 750)
4(749 750 822 821)
4(812 821 822 813)
4(742 814 823 751)
4(750 751 823 822)
4(813 822 823 814)
4(743 815 824 752)
4(751 752 824 823)
4(814 823 824 815)
4(744 816 825 753)
4(752 753 825 824)
4(815 824 825 816)
4(745 817 826 754)
4(753 754 826 825)
4(816 825 826 817)
4(746 818 827 755)
4(754 755 827 826)
4(817 826 827 818)
4(747 819 828 756)
4(755 756 828 827)
4(818 827 828 819)
4(748 820 829 757)
4(756 757 829 828)
4(819 828 829 820)
4(757 485 493 829)
4(820 829 493 492)
4(749 821 830 758)
4(134 758 830 142)
4(141 142 830 821)
4(750 822 831 759)
4(758 759 831 830)
4(821 830 831 822)
4(751 823 832 760)
4(759 760 832 831)
4(822 831 832 823)
4(752 824 833 761)
4(760 761 833 832)
4(823 832 833 824)
4(753 825 834 762)
4(761 762 834 833)
4(824 833 834 825)
4(754 826 835 763)
4(762 763 835 834)
4(825 834 835 826)
4(755 827 836 764)
4(763 764 836 835)
4(826 835 836 827)
4(756 828 837 765)
4(764 765 837 836)
4(827 836 837 828)
4(757 829 838 766)
4(765 766 838 837)
4(828 837 838 829)
4(766 486 494 838)
4(829 838 494 493)
4(758 830 839 767)
4(135 767 839 143)
4(142 143 839 830)
4(759 831 840 768)
4(767 768 840 839)
4(830 839 840 831)
4(760 832 841 769)
4(768 769 841 840)
4(831 840 841 832)
4(761 833 842 770)
4(769 770 842 841)
4(832 841 842 833)
4(762 834 843 771)
4(770 771 843 842)
4(833 842 843 834)
4(763 835 844 772)
4(771 772 844 843)
4(834 843 844 835)
4(764 836 845 773)
4(772 773 845 844)
4(835 844 845 836)
4(765 837 846 774)
4(773 774 846 845)
4(836 845 846 837)
4(766 838 847 775)
4(774 775 847 846)
4(837 846 847 838)
4(775 487 495 847)
4(838 847 495 494)
4(767 839 848 776)
4(136 776 848 144)
4(143 144 848 839)
4(768 840 849 777)
4(776 777 849 848)
4(839 848 849 840)
4(769 841 850 778)
4(777 778 850 849)
4(840 849 850 841)
4(770 842 851 779)
4(778 779 851 850)
4(841 850 851 842)
4(771 843 852 780)
4(779 780 852 851)
4(842 851 852 843)
4(772 844 853 781)
4(780 781 853 852)
4(843 852 853 844)
4(773 845 854 782)
4(781 782 854 853)
4(844 853 854 845)
4(774 846 855 783)
4(782 783 855 854)
4(845 854 855 846)
4(775 847 856 784)
4(783 784 856 855)
4(846 855 856 847)
4(784 488 496 856)
4(847 856 496 495)
4(776 848 857 785)
4(137 785 857 145)
4(144 145 857 848)
4(777 849 858 786)
4(785 786 858 857)
4(848 857 858 849)
4(778 850 859 787)
4(786 787 859 858)
4(849 858 859 850)
4(779 851 860 788)
4(787 788 860 859)
4(850 859 860 851)
4(780 852 861 789)
4(788 789 861 860)
4(851 860 861 852)
4(781 853 862 790)
4(789 790 862 861)
4(852 861 862 853)
4(782 854 863 791)
4(790 791 863 862)
4(853 862 863 854)
4(783 855 864 792)
4(791 792 864 863)
4(854 863 864 855)
4(784 856 865 793)
4(792 793 865 864)
4(855 864 865 856)
4(793 489 497 865)
4(856 865 497 496)
4(785 857 866 794)
4(138 794 866 146)
4(145 146 866 857)
4(786 858 867 795)
4(794 795 867 866)
4(857 866 867 858)
4(787 859 868 796)
4(795 796 868 867)
4(858 867 868 859)
4(788 860 869 797)
4(796 797 869 868)
4(859 868 869 860)
4(789 861 870 798)
4(797 798 870 869)
4(860 869 870 861)
4(790 862 871 799)
4(798 799 871 870)
4(861 870 871 862)
4(791 863 872 800)
4(799 800 872 871)
4(862 871 872 863)
4(792 864 873 801)
4(800 801 873 872)
4(863 872 873 864)
4(793 865 874 802)
4(801 802 874 873)
4(864 873 874 865)
4(802 490 498 874)
4(865 874 498 497)
4(794 866 875 803)
4(139 803 875 147)
4(146 147 875 866)
4(795 867 876 804)
4(803 804 876 875)
4(866 875 876 867)
4(796 868 877 805)
4(804 805 877 876)
4(867 876 877 868)
4(797 869 878 806)
4(805 806 878 877)
4(868 877 878 869)
4(798 870 879 807)
4(806 807 879 878)
4(869 878 879 870)
4(799 871 880 808)
4(807 808 880 879)
4(870 879 880 871)
4(800 872 881 809)
4(808 809 881 880)
4(871 880 881 872)
4(801 873 882 810)
4(809 810 882 881)
4(872 881 882 873)
4(802 874 883 811)
4(810 811 883 882)
4(873 882 883 874)
4(811 491 499 883)
4(874 883 499 498)
4(803 875 343 352)
4(147 27 343 875)
4(804 876 344 353)
4(875 343 344 876)
4(805 877 345 354)
4(876 344 345 877)
4(806 878 346 355)
4(877 345 346 878)
4(807 879 347 356)
4(878 346 347 879)
4(808 880 348 357)
4(879 347 348 880)
4(809 881 349 358)
4(880 348 349 881)
4(810 882 350 359)
4(881 349 350 882)
4(811 883 351 360)
4(882 350 351 883)
4(883 351 59 499)
4(208 217 884 812)
4(140 812 884 148)
4(13 148 884 217)
4(209 218 885 813)
4(812 813 885 884)
4(217 884 885 218)
4(210 219 886 814)
4(813 814 886 885)
4(218 885 886 219)
4(211 220 887 815)
4(814 815 887 886)
4(219 886 887 220)
4(212 221 888 816)
4(815 816 888 887)
4(220 887 888 221)
4(213 222 889 817)
4(816 817 889 888)
4(221 888 889 222)
4(214 223 890 818)
4(817 818 890 889)
4(222 889 890 223)
4(215 224 891 819)
4(818 819 891 890)
4(223 890 891 224)
4(216 225 892 820)
4(819 820 892 891)
4(224 891 892 225)
4(820 492 500 892)
4(225 892 500 45)
4(812 884 893 821)
4(141 821 893 149)
4(148 149 893 884)
4(813 885 894 822)
4(821 822 894 893)
4(884 893 894 885)
4(814 886 895 823)
4(822 823 895 894)
4(885 894 895 886)
4(815 887 896 824)
4(823 824 896 895)
4(886 895 896 887)
4(816 888 897 825)
4(824 825 897 896)
4(887 896 897 888)
4(817 889 898 826)
4(825 826 898 897)
4(888 897 898 889)
4(818 890 899 827)
4(826 827 899 898)
4(889 898 899 890)
4(819 891 900 828)
4(827 828 900 899)
4(890 899 900 891)
4(820 892 901 829)
4(828 829 901 900)
4(891 900 901 892)
4(829 493 501 901)
4(892 901 501 500)
4(821 893 902 830)
4(142 830 902 150)
4(149 150 902 893)
4(822 894 903 831)
4(830 831 903 902)
4(893 902 903 894)
4(823 895 904 832)
4(831 832 904 903)
4(894 903 904 895)
4(824 896 905 833)
4(832 833 905 904)
4(895 904 905 896)
4(825 897 906 834)
4(833 834 906 905)
4(896 905 906 897)
4(826 898 907 835)
4(834 835 907 906)
4(897 906 907 898)
4(827 899 908 836)
4(835 836 908 907)
4(898 907 908 899)
4(828 900 909 837)
4(836 837 909 908)
4(899 908 909 900)
4(829 901 910 838)
4(837 838 910 909)
4(900 909 910 901)
4(838 494 502 910)
4(901 910 502 501)
4(830 902 911 839)
4(143 839 911 151)
4(150 151 911 902)
4(831 903 912 840)
4(839 840 912 911)
4(902 911 912 903)
4(832 904 913 841)
4(840 841 913 912)
4(903 912 913 904)
4(833 905 914 842)
4(841 842 914 913)
4(904 913 914 905)
4(834 906 915 843)
4(842 843 915 914)
4(905 914 915 906)
4(835 907 916 844)
4(843 844 916 915)
4(906 915 916 907)
4(836 908 917 845)
4(844 845 917 916)
4(907 916 917 908)
4(837 909 918 846)
4(845 846 918 917)
4(908 917 918 909)
4(838 910 919 847)
4(846 847 919 918)
4(909 918 919 910)
4(847 495 503 919)
4(910 919 503 502)
4(839 911 920 848)
4(144 848 920 152)
4(151 152 920 911)
4(840 912 921 849)
4(848 849 921 920)
4(911 920 921 912)
4(841 913 922 850)
4(849 850 922 921)
4(912 921 922 913)
4(842 914 923 851)
4(850 851 923 922)
4(913 922 923 914)
4(843 915 924 852)
4(851 852 924 923)
4(914 923 924 915)
4(844 916 925 853)
4(852 853 925 924)
4(915 924 925 916)
4(845 917 926 854)
4(853 854 926 925)
4(916 925 926 917)
4(846 918 927 855)
4(854 855 927 926)
4(917 926 927 918)
4(847 919 928 856)
4(855 856 928 927)
4(918 927 928 919)
4(856 496 504 928)
4(919 928 504 503)
4(848 920 929 857)
4(145 857 929 153)
4(152 153 929 920)
4(849 921 930 858)
4(857 858 930 929)
4(920 929 930 921)
4(850 922 931 859)
4(858 859 931 930)
4(921 930 931 922)
4(851 923 932 860)
4(859 860 932 931)
4(922 931 932 923)
4(852 924 933 861)
4(860 861 933 932)
4(923 932 933 924)
4(853 925 934 862)
4(861 862 934 933)
4(924 933 934 925)
4(854 926 935 863)
4(862 863 935 934)
4(925 934 935 926)
4(855 927 936 864)
4(863 864 936 935)
4(926 935 936 927)
4(856 928 937 865)
4(864 865 937 936)
4(927 936 937 928)
4(865 497 505 937)
4(928 937 505 504)
4(857 929 938 866)
4(146 866 938 154)
4(153 154 938 929)
4(858 930 939 867)
4(866 867 939 938)
4(929 938 939 930)
4(859 931 940 868)
4(867 868 940 939)
4(930 939 940 931)
4(860 932 941 869)
4(868 869 941 940)
4(931 940 941 932)
4(861 933 942 870)
4(869 870 942 941)
4(932 941 942 933)
4(862 934 943 871)
4(870 871 943 942)
4(933 942 943 934)
4(863 935 944 872)
4(871 872 944 943)
4(934 943 944 935)
4(864 936 945 873)
4(872 873 945 944)
4(935 944 945 936)
4(865 937 946 874)
4(873 874 946 945)
4(936 945 946 937)
4(874 498 506 946)
4(937 946 506 505)
4(866 938 947 875)
4(147 875 947 155)
4(154 155 947 938)
4(867 939 948 876)
4(875 876 948 947)
4(938 947 948 939)
4(868 940 949 877)
4(876 877 949 948)
4(939 948 949 940)
4(869 941 950 878)
4(877 878 950 949)
4(940 949 950 941)
4(870 942 951 879)
4(878 879 951 950)
4(941 950 951 942)
4(871 943 952 880)
4(879 880 952 951)
4(942 951 952 943)
4(872 944 953 881)
4(880 881 953 952)
4(943 952 953 944)
4(873 945 954 882)
4(881 882 954 953)
4(944 953 954 945)
4(874 946 955 883)
4(882 883 955 954)
4(945 954 955 946)
4(883 499 507 955)
4(946 955 507 506)
4(875 947 334 343)
4(155 26 334 947)
4(876 948 335 344)
4(947 334 335 948)
4(877 949 336 345)
4(948 335 336 949)
4(878 950 337 346)
4(949 336 337 950)
4(879 951 338 347)
4(950 337 338 951)
4(880 952 339 348)
4(951 338 339 952)
4(881 953 340 349)
4(952 339 340 953)
4(882 954 341 350)
4(953 340 341 954)
4(883 955 342 351)
4(954 341 342 955)
4(955 342 58 507)
4(217 226 956 884)
4(148 884 956 156)
4(14 156 956 226)
4(218 227 957 885)
4(884 885 957 956)
4(226 956 957 227)
4(219 228 958 886)
4(885 886 958 957)
4(227 957 958 228)
4(220 229 959 887)
4(886 887 959 958)
4(228 958 959 229)
4(221 230 960 888)
4(887 888 960 959)
4(229 959 960 230)
4(222 231 961 889)
4(888 889 961 960)
4(230 960 961 231)
4(223 232 962 890)
4(889 890 962 961)
4(231 961 962 232)
4(224 233 963 891)
4(890 891 963 962)
4(232 962 963 233)
4(225 234 964 892)
4(891 892 964 963)
4(233 963 964 234)
4(892 500 508 964)
4(234 964 508 46)
4(884 956 965 893)
4(149 893 965 157)
4(156 157 965 956)
4(885 957 966 894)
4(893 894 966 965)
4(956 965 966 957)
4(886 958 967 895)
4(894 895 967 966)
4(957 966 967 958)
4(887 959 968 896)
4(895 896 968 967)
4(958 967 968 959)
4(888 960 969 897)
4(896 897 969 968)
4(959 968 969 960)
4(889 961 970 898)
4(897 898 970 969)
4(960 969 970 961)
4(890 962 971 899)
4(898 899 971 970)
4(961 970 971 962)
4(891 963 972 900)
4(899 900 972 971)
4(962 971 972 963)
4(892 964 973 901)
4(900 901 973 972)
4(963 972 973 964)
4(901 501 509 973)
4(964 973 509 508)
4(893 965 974 902)
4(150 902 974 158)
4(157 158 974 965)
4(894 966 975 903)
4(902 903 975 974)
4(965 974 975 966)
4(895 967 976 904)
4(903 904 976 975)
4(966 975 976 967)
4(896 968 977 905)
4(904 905 977 976)
4(967 976 977 968)
4(897 969 978 906)
4(905 906 978 977)
4(968 977 978 969)
4(898 970 979 907)
4(906 907 979 978)
4(969 978 979 970)
4(899 971 980 908)
4(907 908 980 979)
4(970 979 980 971)
4(900 972 981 909)
4(908 909 981 980)
4(971 980 981 972)
4(901 973 982 910)
4(909 910 982 981)
4(972 981 982 973)
4(910 502 510 982)
4(973 982 510 509)
4(902 974 983 911)
4(151 911 983 159)
4(158 159 983 974)
4(903 975 984 912)
4(911 912 984 983)
4(974 983 984 975)
4(904 976 985 913)
4(912 913 985 984)
4(975 984 985 976)
4(905 977 986 914)
4(913 914 986 985)
4(976 985 986 977)
4(906 978 987 915)
4(914 915 987 986)
4(977 986 987 978)
4(907 979 988 916)
4(915 916 988 987)
4(978 987 988 979)
4(908 980 989 917)
4(916 917 989 988)
4(979 988 989 980)
4(909 981 990 918)
4(917 918 990 989)
4(980 989 990 981)
4(910 982 991 919)
4(918 919 991 990)
4(981 990 991 982)
4(919 503 511 991)
4(982 991 511 510)
4(911 983 992 920)
4(152 920 992 160)
4(159 160 992 983)
4(912 984 993 921)
4(920 921 993 992)
4(983 992 993 984)
4(913 985 994 922)
4(921 922 994 993)
4(984 993 994 985)
4(914 986 995 923)
4(922 923 995 994)
4(985 994 995 986)
4(915 987 996 924)
4(923 924 996 995)
4(986 995 996 987)
4(916 988 997 925)
4(924 925 997 996)
4(987 996 997 988)
4(917 989 998 926)
4(925 926 998 997)
4(988 997 998 989)
4(918 990 999 927)
4(926 927 999 998)
4(989 998 999 990)
4(919 991 1000 928)
4(927 928 1000 999)
4(990 999 1000 991)
4(928 504 512 1000)
4(991 1000 512 511)
4(920 992 1001 929)
4(153 929 1001 161)
4(160 161 1001 992)
4(921 993 1002 930)
4(929 930 1002 1001)
4(992 1001 1002 993)
4(922 994 1003 931)
4(930 931 1003 1002)
4(993 1002 1003 994)
4(923 995 1004 932)
4(931 932 1004 1003)
4(994 1003 1004 995)
4(924 996 1005 933)
4(932 933 1005 1004)
4(995 1004 1005 996)
4(925 997 1006 934)
4(933 934 1006 1005)
4(996 1005 1006 997)
4(926 998 1007 935)
4(934 935 1007 1006)
4(997 1006 1007 998)
4(927 999 1008 936)
4(935 936 1008 1007)
4(998 1007 1008 999)
4(928 1000 1009 937)
4(936 937 1009 1008)
4(999 1008 1009 1000)
4(937 505 513 1009)
4(1000 1009 513 512)
4(929 1001 1010 938)
4(154 938 1010 162)
4(161 162 1010 1001)
4(930 1002 1011 939)
4(938 939 1011 1010)
4(1001 1010 1011 1002)
4(931 1003 1012 940)
4(939 940 1012 1011)
4(1002 1011 1012 1003)
4(932 1004 1013 941)
4(940 941 1013 1012)
4(1003 1012 1013 1004)
4(933 1005 1014 942)
4(941 942 1014 1013)
4(1004 1013 1014 1005)
4(934 1006 1015 943)
4(942 943 1015 1014)
4(1005 1014 1015 1006)
4(935 1007 1016 944)
4(943 944 1016 1015)
4(1006 1015 1016 1007)
4(936 1008 1017 945)
4(944 945 1017 1016)
4(1007 1016 1017 1008)
4(937 1009 1018 946)
4(945 946 1018 1017)
4(1008 1017 1018 1009)
4(946 506 514 1018)
4(1009 1018 514 513)
4(938 1010 1019 947)
4(155 947 1019 163)
4(162 163 1019 1010)
4(939 1011 1020 948)
4(947 948 1020 1019)
4(1010 1019 1020 1011)
4(940 1012 1021 949)
4(948 949 1021 1020)
4(1011 1020 1021 1012)
4(941 1013 1022 950)
4(949 950 1022 1021)
4(1012 1021 1022 1013)
4(942 1014 1023 951)
4(950 951 1023 1022)
4(1013 1022 1023 1014)
4(943 1015 1024 952)
4(951 952 1024 1023)
4(1014 1023 1024 1015)
4(944 1016 1025 953)
4(952 953 1025 1024)
4(1015 1024 1025 1016)
4(945 1017 1026 954)
4(953 954 1026 1025)
4(1016 1025 1026 1017)
4(946 1018 1027 955)
4(954 955 1027 1026)
4(1017 1026 1027 1018)
4(955 507 515 1027)
4(1018 1027 515 514)
4(947 1019 325 334)
4(163 25 325 1019)
4(948 1020 326 335)
4(1019 325 326 1020)
4(949 1021 327 336)
4(1020 326 327 1021)
4(950 1022 328 337)
4(1021 327 328 1022)
4(951 1023 329 338)
4(1022 328 329 1023)
4(952 1024 330 339)
4(1023 329 330 1024)
4(953 1025 331 340)
4(1024 330 331 1025)
4(954 1026 332 341)
4(1025 331 332 1026)
4(955 1027 333 342)
4(1026 332 333 1027)
4(1027 333 57 515)
4(226 235 1028 956)
4(156 956 1028 164)
4(15 164 1028 235)
4(227 236 1029 957)
4(956 957 1029 1028)
4(235 1028 1029 236)
4(228 237 1030 958)
4(957 958 1030 1029)
4(236 1029 1030 237)
4(229 238 1031 959)
4(958 959 1031 1030)
4(237 1030 1031 238)
4(230 239 1032 960)
4(959 960 1032 1031)
4(238 1031 1032 239)
4(231 240 1033 961)
4(960 961 1033 1032)
4(239 1032 1033 240)
4(232 241 1034 962)
4(961 962 1034 1033)
4(240 1033 1034 241)
4(233 242 1035 963)
4(962 963 1035 1034)
4(241 1034 1035 242)
4(234 243 1036 964)
4(963 964 1036 1035)
4(242 1035 1036 243)
4(964 508 516 1036)
4(243 1036 516 47)
4(956 1028 1037 965)
4(157 965 1037 165)
4(164 165 1037 1028)
4(957 1029 1038 966)
4(965 966 1038 1037)
4(1028 1037 1038 1029)
4(958 1030 1039 967)
4(966 967 1039 1038)
4(1029 1038 1039 1030)
4(959 1031 1040 968)
4(967 968 1040 1039)
4(1030 1039 1040 1031)
4(960 1032 1041 969)
4(968 969 1041 1040)
4(1031 1040 1041 1032)
4(961 1033 1042 970)
4(969 970 1042 1041)
4(1032 1041 1042 1033)
4(962 1034 1043 971)
4(970 971 1043 1042)
4(1033 1042 1043 1034)
4(963 1035 1044 972)
4(971 972 1044 1043)
4(1034 1043 1044 1035)
4(964 1036 1045 973)
4(972 973 1045 1044)
4(1035 1044 1045 1036)
4(973 509 517 1045)
4(1036 1045 517 516)
4(965 1037 1046 974)
4(158 974 1046 166)
4(165 166 1046 1037)
4(966 1038 1047 975)
4(974 975 1047 1046)
4(1037 1046 1047 1038)
4(967 1039 1048 976)
4(975 976 1048 1047)
4(1038 1047 1048 1039)
4(968 1040 1049 977)
4(976 977 1049 1048)
4(1039 1048 1049 1040)
4(969 1041 1050 978)
4(977 978 1050 1049)
4(1040 1049 1050 1041)
4(970 1042 1051 979)
4(978 979 1051 1050)
4(1041 1050 1051 1042)
4(971 1043 1052 980)
4(979 980 1052 1051)
4(1042 1051 1052 1043)
4(972 1044 1053 981)
4(980 981 1053 1052)
4(1043 1052 1053 1044)
4(973 1045 1054 982)
4(981 982 1054 1053)
4(1044 1053 1054 1045)
4(982 510 518 1054)
4(1045 1054 518 517)
4(974 1046 1055 983)
4(159 983 1055 167)
4(166 167 1055 1046)
4(975 1047 1056 984)
4(983 984 1056 1055)
4(1046 1055 1056 1047)
4(976 1048 1057 985)
4(984 985 1057 1056)
4(1047 1056 1057 1048)
4(977 1049 1058 986)
4(985 986 1058 1057)
4(1048 1057 1058 1049)
4(978 1050 1059 987)
4(986 987 1059 1058)
4(1049 1058 1059 1050)
4(979 1051 1060 988)
4(987 988 1060 1059)
4(1050 1059 1060 1051)
4(980 1052 1061 989)
4(988 989 1061 1060)
4(1051 1060 1061 1052)
4(981 1053 1062 990)
4(989 990 1062 1061)
4(1052 1061 1062 1053)
4(982 1054 1063 991)
4(990 991 1063 1062)
4(1053 1062 1063 1054)
4(991 511 519 1063)
4(1054 1063 519 518)
4(983 1055 1064 992)
4(160 992 1064 168)
4(167 168 1064 1055)
4(984 1056 1065 993)
4(992 993 1065 1064)
4(1055 1064 1065 1056)
4(985 1057 1066 994)
4(993 994 1066 1065)
4(1056 1065 1066 1057)
4(986 1058 1067 995)
4(994 995 1067 1066)
4(1057 1066 1067 1058)
4(987 1059 1068 996)
4(995 996 1068 1067)
4(1058 1067 1068 1059)
4(988 1060 1069 997)
4(996 997 1069 1068)
4(1059 1068 1069 1060)
4(989 1061 1070 998)
4(997 998 1070 1069)
4(1060 1069 1070 1061)
4(990 1062 1071 999)
4(998 999 1071 1070)
4(1061 1070 1071 1062)
4(991 1063 1072 1000)
4(999 1000 1072 1071)
4(1062 1071 1072 1063)
4(1000 512 520 1072)
4(1063 1072 520 519)
4(992 1064 1073 1001)
4(161 1001 1073 169)
4(168 169 1073 1064)
4(993 1065 1074 1002)
4(1001 1002 1074 1073)
4(1064 1073 1074 1065)
4(994 1066 1075 1003)
4(1002 1003 1075 1074)
4(1065 1074 1075 1066)
4(995 1067 1076 1004)
4(1003 1004 1076 1075)
4(1066 1075 1076 1067)
4(996 1068 1077 1005)
4(1004 1005 1077 1076)
4(1067 1076 1077 1068)
4(997 1069 1078 1006)
4(1005 1006 1078 1077)
4(1068 1077 1078 1069)
4(998 1070 1079 1007)
4(1006 1007 1079 1078)
4(1069 1078 1079 1070)
4(999 1071 1080 1008)
4(1007 1008 1080 1079)
4(1070 1079 1080 1071)
4(1000 1072 1081 1009)
4(1008 1009 1081 1080)
4(1071 1080 1081 1072)
4(1009 513 521 1081)
4(1072 1081 521 520)
4(1001 1073 1082 1010)
4(162 1010 1082 170)
4(169 170 1082 1073)
4(1002 1074 1083 1011)
4(1010 1011 1083 1082)
4(1073 1082 1083 1074)
4(1003 1075 1084 1012)
4(1011 1012 1084 1083)
4(1074 1083 1084 1075)
4(1004 1076 1085 1013)
4(1012 1013 1085 1084)
4(1075 1084 1085 1076)
4(1005 1077 1086 1014)
4(1013 1014 1086 1085)
4(1076 1085 1086 1077)
4(1006 1078 1087 1015)
4(1014 1015 1087 1086)
4(1077 1086 1087 1078)
4(1007 1079 1088 1016)
4(1015 1016 1088 1087)
4(1078 1087 1088 1079)
4(1008 1080 1089 1017)
4(1016 1017 1089 1088)
4(1079 1088 1089 1080)
4(1009 1081 1090 1018)
4(1017 1018 1090 1089)
4(1080 1089 1090 1081)
4(1018 514 522 1090)
4(1081 1090 522 521)
4(1010 1082 1091 1019)
4(163 1019 1091 171)
4(170 171 1091 1082)
4(1011 1083 1092 1020)
4(1019 1020 1092 1091)
4(1082 1091 1092 1083)
4(1012 1084 1093 1021)
4(1020 1021 1093 1092)
4(1083 1092 1093 1084)
4(1013 1085 1094 1022)
4(1021 1022 1094 1093)
4(1084 1093 1094 1085)
4(1014 1086 1095 1023)
4(1022 1023 1095 1094)
4(1085 1094 1095 1086)
4(1015 1087 1096 1024)
4(1023 1024 1096 1095)
4(1086 1095 1096 1087)
4(1016 1088 1097 1025)
4(1024 1025 1097 1096)
4(1087 1096 1097 1088)
4(1017 1089 1098 1026)
4(1025 1026 1098 1097)
4(1088 1097 1098 1089)
4(1018 1090 1099 1027)
4(1026 1027 1099 1098)
4(1089 1098 1099 1090)
4(1027 515 523 1099)
4(1090 1099 523 522)
4(1019 1091 316 325)
4(171 24 316 1091)
4(1020 1092 317 326)
4(1091 316 317 1092)
4(1021 1093 318 327)
4(1092 317 318 1093)
4(1022 1094 319 328)
4(1093 318 319 1094)
4(1023 1095 320 329)
4(1094 319 320 1095)
4(1024 1096 321 330)
4(1095 320 321 1096)
4(1025 1097 322 331)
4(1096 321 322 1097)
4(1026 1098 323 332)
4(1097 322 323 1098)
4(1027 1099 324 333)
4(1098 323 324 1099)
4(1099 324 56 523)
4(235 81 244 1028)
4(164 1028 244 16)
4(236 82 245 1029)
4(1028 1029 245 244)
4(237 83 246 1030)
4(1029 1030 246 245)
4(238 84 247 1031)
4(1030 1031 247 246)
4(239 85 248 1032)
4(1031 1032 248 247)
4(240 86 249 1033)
4(1032 1033 249 248)
4(241 87 250 1034)
4(1033 1034 250 249)
4(242 88 251 1035)
4(1034 1035 251 250)
4(243 89 252 1036)
4(1035 1036 252 251)
4(1036 516 48 252)
4(1028 244 253 1037)
4(165 1037 253 17)
4(1029 245 254 1038)
4(1037 1038 254 253)
4(1030 246 255 1039)
4(1038 1039 255 254)
4(1031 247 256 1040)
4(1039 1040 256 255)
4(1032 248 257 1041)
4(1040 1041 257 256)
4(1033 249 258 1042)
4(1041 1042 258 257)
4(1034 250 259 1043)
4(1042 1043 259 258)
4(1035 251 260 1044)
4(1043 1044 260 259)
4(1036 252 261 1045)
4(1044 1045 261 260)
4(1045 517 49 261)
4(1037 253 262 1046)
4(166 1046 262 18)
4(1038 254 263 1047)
4(1046 1047 263 262)
4(1039 255 264 1048)
4(1047 1048 264 263)
4(1040 256 265 1049)
4(1048 1049 265 264)
4(1041 257 266 1050)
4(1049 1050 266 265)
4(1042 258 267 1051)
4(1050 1051 267 266)
4(1043 259 268 1052)
4(1051 1052 268 267)
4(1044 260 269 1053)
4(1052 1053 269 268)
4(1045 261 270 1054)
4(1053 1054 270 269)
4(1054 518 50 270)
4(1046 262 271 1055)
4(167 1055 271 19)
4(1047 263 272 1056)
4(1055 1056 272 271)
4(1048 264 273 1057)
4(1056 1057 273 272)
4(1049 265 274 1058)
4(1057 1058 274 273)
4(1050 266 275 1059)
4(1058 1059 275 274)
4(1051 267 276 1060)
4(1059 1060 276 275)
4(1052 268 277 1061)
4(1060 1061 277 276)
4(1053 269 278 1062)
4(1061 1062 278 277)
4(1054 270 279 1063)
4(1062 1063 279 278)
4(1063 519 51 279)
4(1055 271 280 1064)
4(168 1064 280 20)
4(1056 272 281 1065)
4(1064 1065 281 280)
4(1057 273 282 1066)
4(1065 1066 282 281)
4(1058 274 283 1067)
4(1066 1067 283 282)
4(1059 275 284 1068)
4(1067 1068 284 283)
4(1060 276 285 1069)
4(1068 1069 285 284)
4(1061 277 286 1070)
4(1069 1070 286 285)
4(1062 278 287 1071)
4(1070 1071 287 286)
4(1063 279 288 1072)
4(1071 1072 288 287)
4(1072 520 52 288)
4(1064 280 289 1073)
4(169 1073 289 21)
4(1065 281 290 1074)
4(1073 1074 290 289)
4(1066 282 291 1075)
4(1074 1075 291 290)
4(1067 283 292 1076)
4(1075 1076 292 291)
4(1068 284 293 1077)
4(1076 1077 293 292)
4(1069 285 294 1078)
4(1077 1078 294 293)
4(1070 286 295 1079)
4(1078 1079 295 294)
4(1071 287 296 1080)
4(1079 1080 296 295)
4(1072 288 297 1081)
4(1080 1081 297 296)
4(1081 521 53 297)
4(1073 289 298 1082)
4(170 1082 298 22)
4(1074 290 299 1083)
4(1082 1083 299 298)
4(1075 291 300 1084)
4(1083 1084 300 299)
4(1076 292 301 1085)
4(1084 1085 301 300)
4(1077 293 302 1086)
4(1085 1086 302 301)
4(1078 294 303 1087)
4(1086 1087 303 302)
4(1079 295 304 1088)
4(1087 1088 304 303)
4(1080 296 305 1089)
4(1088 1089 305 304)
4(1081 297 306 1090)
4(1089 1090 306 305)
4(1090 522 54 306)
4(1082 298 307 1091)
4(171 1091 307 23)
4(1083 299 308 1092)
4(1091 1092 308 307)
4(1084 300 309 1093)
4(1092 1093 309 308)
4(1085 301 310 1094)
4(1093 1094 310 309)
4(1086 302 311 1095)
4(1094 1095 311 310)
4(1087 303 312 1096)
4(1095 1096 312 311)
4(1088 304 313 1097)
4(1096 1097 313 312)
4(1089 305 314 1098)
4(1097 1098 314 313)
4(1090 306 315 1099)
4(1098 1099 315 314)
4(1099 523 55 315)
4(1091 307 90 316)
4(1092 308 91 317)
4(1093 309 92 318)
4(1094 310 93 319)
4(1095 311 94 320)
4(1096 312 95 321)
4(1097 313 96 322)
4(1098 314 97 323)
4(1099 315 98 324)
4(0 39 108 8)
4(39 38 109 108)
4(38 37 110 109)
4(37 36 111 110)
4(36 35 112 111)
4(35 34 113 112)
4(34 33 114 113)
4(33 32 115 114)
4(32 3 31 115)
4(8 108 116 9)
4(108 109 117 116)
4(109 110 118 117)
4(110 111 119 118)
4(111 112 120 119)
4(112 113 121 120)
4(113 114 122 121)
4(114 115 123 122)
4(115 31 30 123)
4(9 116 124 10)
4(116 117 125 124)
4(117 118 126 125)
4(118 119 127 126)
4(119 120 128 127)
4(120 121 129 128)
4(121 122 130 129)
4(122 123 131 130)
4(123 30 29 131)
4(10 124 132 11)
4(124 125 133 132)
4(125 126 134 133)
4(126 127 135 134)
4(127 128 136 135)
4(128 129 137 136)
4(129 130 138 137)
4(130 131 139 138)
4(131 29 28 139)
4(11 132 140 12)
4(132 133 141 140)
4(133 134 142 141)
4(134 135 143 142)
4(135 136 144 143)
4(136 137 145 144)
4(137 138 146 145)
4(138 139 147 146)
4(139 28 27 147)
4(12 140 148 13)
4(140 141 149 148)
4(141 142 150 149)
4(142 143 151 150)
4(143 144 152 151)
4(144 145 153 152)
4(145 146 154 153)
4(146 147 155 154)
4(147 27 26 155)
4(13 148 156 14)
4(148 149 157 156)
4(149 150 158 157)
4(150 151 159 158)
4(151 152 160 159)
4(152 153 161 160)
4(153 154 162 161)
4(154 155 163 162)
4(155 26 25 163)
4(14 156 164 15)
4(156 157 165 164)
4(157 158 166 165)
4(158 159 167 166)
4(159 160 168 167)
4(160 161 169 168)
4(161 162 170 169)
4(162 163 171 170)
4(163 25 24 171)
4(15 164 16 1)
4(164 165 17 16)
4(165 166 18 17)
4(166 167 19 18)
4(167 168 20 19)
4(168 169 21 20)
4(169 170 22 21)
4(170 171 23 22)
4(171 24 2 23)
4(0 8 172 72)
4(72 172 173 73)
4(73 173 174 74)
4(74 174 175 75)
4(75 175 176 76)
4(76 176 177 77)
4(77 177 178 78)
4(78 178 179 79)
4(79 179 180 80)
4(80 180 40 4)
4(8 9 181 172)
4(172 181 182 173)
4(173 182 183 174)
4(174 183 184 175)
4(175 184 185 176)
4(176 185 186 177)
4(177 186 187 178)
4(178 187 188 179)
4(179 188 189 180)
4(180 189 41 40)
4(9 10 190 181)
4(181 190 191 182)
4(182 191 192 183)
4(183 192 193 184)
4(184 193 194 185)
4(185 194 195 186)
4(186 195 196 187)
4(187 196 197 188)
4(188 197 198 189)
4(189 198 42 41)
4(10 11 199 190)
4(190 199 200 191)
4(191 200 201 192)
4(192 201 202 193)
4(193 202 203 194)
4(194 203 204 195)
4(195 204 205 196)
4(196 205 206 197)
4(197 206 207 198)
4(198 207 43 42)
4(11 12 208 199)
4(199 208 209 200)
4(200 209 210 201)
4(201 210 211 202)
4(202 211 212 203)
4(203 212 213 204)
4(204 213 214 205)
4(205 214 215 206)
4(206 215 216 207)
4(207 216 44 43)
4(12 13 217 208)
4(208 217 218 209)
4(209 218 219 210)
4(210 219 220 211)
4(211 220 221 212)
4(212 221 222 213)
4(213 222 223 214)
4(214 223 224 215)
4(215 224 225 216)
4(216 225 45 44)
4(13 14 226 217)
4(217 226 227 218)
4(218 227 228 219)
4(219 228 229 220)
4(220 229 230 221)
4(221 230 231 222)
4(222 231 232 223)
4(223 232 233 224)
4(224 233 234 225)
4(225 234 46 45)
4(14 15 235 226)
4(226 235 236 227)
4(227 236 237 228)
4(228 237 238 229)
4(229 238 239 230)
4(230 239 240 231)
4(231 240 241 232)
4(232 241 242 233)
4(233 242 243 234)
4(234 243 47 46)
4(15 1 81 235)
4(235 81 82 236)
4(236 82 83 237)
4(237 83 84 238)
4(238 84 85 239)
4(239 85 86 240)
4(240 86 87 241)
4(241 87 88 242)
4(242 88 89 243)
4(243 89 5 47)
4(1 16 244 81)
4(81 244 245 82)
4(82 245 246 83)
4(83 246 247 84)
4(84 247 248 85)
4(85 248 249 86)
4(86 249 250 87)
4(87 250 251 88)
4(88 251 252 89)
4(89 252 48 5)
4(16 17 253 244)
4(244 253 254 245)
4(245 254 255 246)
4(246 255 256 247)
4(247 256 257 248)
4(248 257 258 249)
4(249 258 259 250)
4(250 259 260 251)
4(251 260 261 252)
4(252 261 49 48)
4(17 18 262 253)
4(253 262 263 254)
4(254 263 264 255)
4(255 264 265 256)
4(256 265 266 257)
4(257 266 267 258)
4(258 267 268 259)
4(259 268 269 260)
4(260 269 270 261)
4(261 270 50 49)
4(18 19 271 262)
4(262 271 272 263)
4(263 272 273 264)
4(264 273 274 265)
4(265 274 275 266)
4(266 275 276 267)
4(267 276 277 268)
4(268 277 278 269)
4(269 278 279 270)
4(270 279 51 50)
4(19 20 280 271)
4(271 280 281 272)
4(272 281 282 273)
4(273 282 283 274)
4(274 283 284 275)
4(275 284 285 276)
4(276 285 286 277)
4(277 286 287 278)
4(278 287 288 279)
4(279 288 52 51)
4(20 21 289 280)
4(280 289 290 281)
4(281 290 291 282)
4(282 291 292 283)
4(283 292 293 284)
4(284 293 294 285)
4(285 294 295 286)
4(286 295 296 287)
4(287 296 297 288)
4(288 297 53 52)
4(21 22 298 289)
4(289 298 299 290)
4(290 299 300 291)
4(291 300 301 292)
4(292 301 302 293)
4(293 302 303 294)
4(294 303 304 295)
4(295 304 305 296)
4(296 305 306 297)
4(297 306 54 53)
4(22 23 307 298)
4(298 307 308 299)
4(299 308 309 300)
4(300 309 310 301)
4(301 310 311 302)
4(302 311 312 303)
4(303 312 313 304)
4(304 313 314 305)
4(305 314 315 306)
4(306 315 55 54)
4(23 2 90 307)
4(307 90 91 308)
4(308 91 92 309)
4(309 92 93 310)
4(310 93 94 311)
4(311 94 95 312)
4(312 95 96 313)
4(313 96 97 314)
4(314 97 98 315)
4(315 98 6 55)
4(3 99 379 31)
4(99 100 380 379)
4(100 101 381 380)
4(101 102 382 381)
4(102 103 383 382)
4(103 104 384 383)
4(104 105 385 384)
4(105 106 386 385)
4(106 107 387 386)
4(107 7 63 387)
4(31 379 370 30)
4(379 380 371 370)
4(380 381 372 371)
4(381 382 373 372)
4(382 383 374 373)
4(383 384 375 374)
4(384 385 376 375)
4(385 386 377 376)
4(386 387 378 377)
4(387 63 62 378)
4(30 370 361 29)
4(370 371 362 361)
4(371 372 363 362)
4(372 373 364 363)
4(373 374 365 364)
4(374 375 366 365)
4(375 376 367 366)
4(376 377 368 367)
4(377 378 369 368)
4(378 62 61 369)
4(29 361 352 28)
4(361 362 353 352)
4(362 363 354 353)
4(363 364 355 354)
4(364 365 356 355)
4(365 366 357 356)
4(366 367 358 357)
4(367 368 359 358)
4(368 369 360 359)
4(369 61 60 360)
4(28 352 343 27)
4(352 353 344 343)
4(353 354 345 344)
4(354 355 346 345)
4(355 356 347 346)
4(356 357 348 347)
4(357 358 349 348)
4(358 359 350 349)
4(359 360 351 350)
4(360 60 59 351)
4(27 343 334 26)
4(343 344 335 334)
4(344 345 336 335)
4(345 346 337 336)
4(346 347 338 337)
4(347 348 339 338)
4(348 349 340 339)
4(349 350 341 340)
4(350 351 342 341)
4(351 59 58 342)
4(26 334 325 25)
4(334 335 326 325)
4(335 336 327 326)
4(336 337 328 327)
4(337 338 329 328)
4(338 339 330 329)
4(339 340 331 330)
4(340 341 332 331)
4(341 342 333 332)
4(342 58 57 333)
4(25 325 316 24)
4(325 326 317 316)
4(326 327 318 317)
4(327 328 319 318)
4(328 329 320 319)
4(329 330 321 320)
4(330 331 322 321)
4(331 332 323 322)
4(332 333 324 323)
4(333 57 56 324)
4(24 316 90 2)
4(316 317 91 90)
4(317 318 92 91)
4(318 319 93 92)
4(319 320 94 93)
4(320 321 95 94)
4(321 322 96 95)
4(322 323 97 96)
4(323 324 98 97)
4(324 56 6 98)
4(0 72 451 39)
4(72 73 452 451)
4(73 74 453 452)
4(74 75 454 453)
4(75 76 455 454)
4(76 77 456 455)
4(77 78 457 456)
4(78 79 458 457)
4(79 80 459 458)
4(80 4 71 459)
4(39 451 442 38)
4(451 452 443 442)
4(452 453 444 443)
4(453 454 445 444)
4(454 455 446 445)
4(455 456 447 446)
4(456 457 448 447)
4(457 458 449 448)
4(458 459 450 449)
4(459 71 70 450)
4(38 442 433 37)
4(442 443 434 433)
4(443 444 435 434)
4(444 445 436 435)
4(445 446 437 436)
4(446 447 438 437)
4(447 448 439 438)
4(448 449 440 439)
4(449 450 441 440)
4(450 70 69 441)
4(37 433 424 36)
4(433 434 425 424)
4(434 435 426 425)
4(435 436 427 426)
4(436 437 428 427)
4(437 438 429 428)
4(438 439 430 429)
4(439 440 431 430)
4(440 441 432 431)
4(441 69 68 432)
4(36 424 415 35)
4(424 425 416 415)
4(425 426 417 416)
4(426 427 418 417)
4(427 428 419 418)
4(428 429 420 419)
4(429 430 421 420)
4(430 431 422 421)
4(431 432 423 422)
4(432 68 67 423)
4(35 415 406 34)
4(415 416 407 406)
4(416 417 408 407)
4(417 418 409 408)
4(418 419 410 409)
4(419 420 411 410)
4(420 421 412 411)
4(421 422 413 412)
4(422 423 414 413)
4(423 67 66 414)
4(34 406 397 33)
4(406 407 398 397)
4(407 408 399 398)
4(408 409 400 399)
4(409 410 401 400)
4(410 411 402 401)
4(411 412 403 402)
4(412 413 404 403)
4(413 414 405 404)
4(414 66 65 405)
4(33 397 388 32)
4(397 398 389 388)
4(398 399 390 389)
4(399 400 391 390)
4(400 401 392 391)
4(401 402 393 392)
4(402 403 394 393)
4(403 404 395 394)
4(404 405 396 395)
4(405 65 64 396)
4(32 388 99 3)
4(388 389 100 99)
4(389 390 101 100)
4(390 391 102 101)
4(391 392 103 102)
4(392 393 104 103)
4(393 394 105 104)
4(394 395 106 105)
4(395 396 107 106)
4(396 64 7 107)
4(4 40 460 71)
4(71 460 461 70)
4(70 461 462 69)
4(69 462 463 68)
4(68 463 464 67)
4(67 464 465 66)
4(66 465 466 65)
4(65 466 467 64)
4(64 467 63 7)
4(40 41 468 460)
4(460 468 469 461)
4(461 469 470 462)
4(462 470 471 463)
4(463 471 472 464)
4(464 472 473 465)
4(465 473 474 466)
4(466 474 475 467)
4(467 475 62 63)
4(41 42 476 468)
4(468 476 477 469)
4(469 477 478 470)
4(470 478 479 471)
4(471 479 480 472)
4(472 480 481 473)
4(473 481 482 474)
4(474 482 483 475)
4(475 483 61 62)
4(42 43 484 476)
4(476 484 485 477)
4(477 485 486 478)
4(478 486 487 479)
4(479 487 488 480)
4(480 488 489 481)
4(481 489 490 482)
4(482 490 491 483)
4(483 491 60 61)
4(43 44 492 484)
4(484 492 493 485)
4(485 493 494 486)
4(486 494 495 487)
4(487 495 496 488)
4(488 496 497 489)
4(489 497 498 490)
4(490 498 499 491)
4(491 499 59 60)
4(44 45 500 492)
4(492 500 501 493)
4(493 501 502 494)
4(494 502 503 495)
4(495 503 504 496)
4(496 504 505 497)
4(497 505 506 498)
4(498 506 507 499)
4(499 507 58 59)
4(45 46 508 500)
4(500 508 509 501)
4(501 509 510 502)
4(502 510 511 503)
4(503 511 512 504)
4(504 512 513 505)
4(505 513 514 506)
4(506 514 515 507)
4(507 515 57 58)
4(46 47 516 508)
4(508 516 517 509)
4(509 517 518 510)
4(510 518 519 511)
4(511 519 520 512)
4(512 520 521 513)
4(513 521 522 514)
4(514 522 523 515)
4(515 523 56 57)
4(47 5 48 516)
4(516 48 49 517)
4(517 49 50 518)
4(518 50 51 519)
4(519 51 52 520)
4(520 52 53 521)
4(521 53 54 522)
4(522 54 55 523)
4(523 55 6 56)
)


// ************************************************************************* //
