/*--------------------------------*- C++ -*----------------------------------*\
| =========                 |                                                 |
| \\      /  F ield         | OpenFOAM: The Open Source CFD Toolbox           |
|  \\    /   O peration     | Version:  5.0                                   |
|   \\  /    A nd           | Web:      www.OpenFOAM.org                      |
|    \\/     M anipulation  |                                                 |
\*---------------------------------------------------------------------------*/
FoamFile
{
    version     2.0;
    format      ascii;
    class       labelList;
    note        "nPoints:1100  nCells:810  nFaces:2691  nInternalFaces:2169";
    location    "constant/polyMesh";
    object      neighbour;
}
// * * * * * * * * * * * * * * * * * * * * * * * * * * * * * * * * * * * * * //


2169
(
1
10
90
2
11
91
3
12
92
4
13
93
5
14
94
6
15
95
7
16
96
8
17
97
9
18
98
19
99
11
20
100
12
21
101
13
22
102
14
23
103
15
24
104
16
25
105
17
26
106
18
27
107
19
28
108
29
109
21
30
110
22
31
111
23
32
112
24
33
113
25
34
114
26
35
115
27
36
116
28
37
117
29
38
118
39
119
31
40
120
32
41
121
33
42
122
34
43
123
35
44
124
36
45
125
37
46
126
38
47
127
39
48
128
49
129
41
50
130
42
51
131
43
52
132
44
53
133
45
54
134
46
55
135
47
56
136
48
57
137
49
58
138
59
139
51
60
140
52
61
141
53
62
142
54
63
143
55
64
144
56
65
145
57
66
146
58
67
147
59
68
148
69
149
61
70
150
62
71
151
63
72
152
64
73
153
65
74
154
66
75
155
67
76
156
68
77
157
69
78
158
79
159
71
80
160
72
81
161
73
82
162
74
83
163
75
84
164
76
85
165
77
86
166
78
87
167
79
88
168
89
169
81
170
82
171
83
172
84
173
85
174
86
175
87
176
88
177
89
178
179
91
100
180
92
101
181
93
102
182
94
103
183
95
104
184
96
105
185
97
106
186
98
107
187
99
108
188
109
189
101
110
190
102
111
191
103
112
192
104
113
193
105
114
194
106
115
195
107
116
196
108
117
197
109
118
198
119
199
111
120
200
112
121
201
113
122
202
114
123
203
115
124
204
116
125
205
117
126
206
118
127
207
119
128
208
129
209
121
130
210
122
131
211
123
132
212
124
133
213
125
134
214
126
135
215
127
136
216
128
137
217
129
138
218
139
219
131
140
220
132
141
221
133
142
222
134
143
223
135
144
224
136
145
225
137
146
226
138
147
227
139
148
228
149
229
141
150
230
142
151
231
143
152
232
144
153
233
145
154
234
146
155
235
147
156
236
148
157
237
149
158
238
159
239
151
160
240
152
161
241
153
162
242
154
163
243
155
164
244
156
165
245
157
166
246
158
167
247
159
168
248
169
249
161
170
250
162
171
251
163
172
252
164
173
253
165
174
254
166
175
255
167
176
256
168
177
257
169
178
258
179
259
171
260
172
261
173
262
174
263
175
264
176
265
177
266
178
267
179
268
269
181
190
270
182
191
271
183
192
272
184
193
273
185
194
274
186
195
275
187
196
276
188
197
277
189
198
278
199
279
191
200
280
192
201
281
193
202
282
194
203
283
195
204
284
196
205
285
197
206
286
198
207
287
199
208
288
209
289
201
210
290
202
211
291
203
212
292
204
213
293
205
214
294
206
215
295
207
216
296
208
217
297
209
218
298
219
299
211
220
300
212
221
301
213
222
302
214
223
303
215
224
304
216
225
305
217
226
306
218
227
307
219
228
308
229
309
221
230
310
222
231
311
223
232
312
224
233
313
225
234
314
226
235
315
227
236
316
228
237
317
229
238
318
239
319
231
240
320
232
241
321
233
242
322
234
243
323
235
244
324
236
245
325
237
246
326
238
247
327
239
248
328
249
329
241
250
330
242
251
331
243
252
332
244
253
333
245
254
334
246
255
335
247
256
336
248
257
337
249
258
338
259
339
251
260
340
252
261
341
253
262
342
254
263
343
255
264
344
256
265
345
257
266
346
258
267
347
259
268
348
269
349
261
350
262
351
263
352
264
353
265
354
266
355
267
356
268
357
269
358
359
271
280
360
272
281
361
273
282
362
274
283
363
275
284
364
276
285
365
277
286
366
278
287
367
279
288
368
289
369
281
290
370
282
291
371
283
292
372
284
293
373
285
294
374
286
295
375
287
296
376
288
297
377
289
298
378
299
379
291
300
380
292
301
381
293
302
382
294
303
383
295
304
384
296
305
385
297
306
386
298
307
387
299
308
388
309
389
301
310
390
302
311
391
303
312
392
304
313
393
305
314
394
306
315
395
307
316
396
308
317
397
309
318
398
319
399
311
320
400
312
321
401
313
322
402
314
323
403
315
324
404
316
325
405
317
326
406
318
327
407
319
328
408
329
409
321
330
410
322
331
411
323
332
412
324
333
413
325
334
414
326
335
415
327
336
416
328
337
417
329
338
418
339
419
331
340
420
332
341
421
333
342
422
334
343
423
335
344
424
336
345
425
337
346
426
338
347
427
339
348
428
349
429
341
350
430
342
351
431
343
352
432
344
353
433
345
354
434
346
355
435
347
356
436
348
357
437
349
358
438
359
439
351
440
352
441
353
442
354
443
355
444
356
445
357
446
358
447
359
448
449
361
370
450
362
371
451
363
372
452
364
373
453
365
374
454
366
375
455
367
376
456
368
377
457
369
378
458
379
459
371
380
460
372
381
461
373
382
462
374
383
463
375
384
464
376
385
465
377
386
466
378
387
467
379
388
468
389
469
381
390
470
382
391
471
383
392
472
384
393
473
385
394
474
386
395
475
387
396
476
388
397
477
389
398
478
399
479
391
400
480
392
401
481
393
402
482
394
403
483
395
404
484
396
405
485
397
406
486
398
407
487
399
408
488
409
489
401
410
490
402
411
491
403
412
492
404
413
493
405
414
494
406
415
495
407
416
496
408
417
497
409
418
498
419
499
411
420
500
412
421
501
413
422
502
414
423
503
415
424
504
416
425
505
417
426
506
418
427
507
419
428
508
429
509
421
430
510
422
431
511
423
432
512
424
433
513
425
434
514
426
435
515
427
436
516
428
437
517
429
438
518
439
519
431
440
520
432
441
521
433
442
522
434
443
523
435
444
524
436
445
525
437
446
526
438
447
527
439
448
528
449
529
441
530
442
531
443
532
444
533
445
534
446
535
447
536
448
537
449
538
539
451
460
540
452
461
541
453
462
542
454
463
543
455
464
544
456
465
545
457
466
546
458
467
547
459
468
548
469
549
461
470
550
462
471
551
463
472
552
464
473
553
465
474
554
466
475
555
467
476
556
468
477
557
469
478
558
479
559
471
480
560
472
481
561
473
482
562
474
483
563
475
484
564
476
485
565
477
486
566
478
487
567
479
488
568
489
569
481
490
570
482
491
571
483
492
572
484
493
573
485
494
574
486
495
575
487
496
576
488
497
577
489
498
578
499
579
491
500
580
492
501
581
493
502
582
494
503
583
495
504
584
496
505
585
497
506
586
498
507
587
499
508
588
509
589
501
510
590
502
511
591
503
512
592
504
513
593
505
514
594
506
515
595
507
516
596
508
517
597
509
518
598
519
599
511
520
600
512
521
601
513
522
602
514
523
603
515
524
604
516
525
605
517
526
606
518
527
607
519
528
608
529
609
521
530
610
522
531
611
523
532
612
524
533
613
525
534
614
526
535
615
527
536
616
528
537
617
529
538
618
539
619
531
620
532
621
533
622
534
623
535
624
536
625
537
626
538
627
539
628
629
541
550
630
542
551
631
543
552
632
544
553
633
545
554
634
546
555
635
547
556
636
548
557
637
549
558
638
559
639
551
560
640
552
561
641
553
562
642
554
563
643
555
564
644
556
565
645
557
566
646
558
567
647
559
568
648
569
649
561
570
650
562
571
651
563
572
652
564
573
653
565
574
654
566
575
655
567
576
656
568
577
657
569
578
658
579
659
571
580
660
572
581
661
573
582
662
574
583
663
575
584
664
576
585
665
577
586
666
578
587
667
579
588
668
589
669
581
590
670
582
591
671
583
592
672
584
593
673
585
594
674
586
595
675
587
596
676
588
597
677
589
598
678
599
679
591
600
680
592
601
681
593
602
682
594
603
683
595
604
684
596
605
685
597
606
686
598
607
687
599
608
688
609
689
601
610
690
602
611
691
603
612
692
604
613
693
605
614
694
606
615
695
607
616
696
608
617
697
609
618
698
619
699
611
620
700
612
621
701
613
622
702
614
623
703
615
624
704
616
625
705
617
626
706
618
627
707
619
628
708
629
709
621
710
622
711
623
712
624
713
625
714
626
715
627
716
628
717
629
718
719
631
640
720
632
641
721
633
642
722
634
643
723
635
644
724
636
645
725
637
646
726
638
647
727
639
648
728
649
729
641
650
730
642
651
731
643
652
732
644
653
733
645
654
734
646
655
735
647
656
736
648
657
737
649
658
738
659
739
651
660
740
652
661
741
653
662
742
654
663
743
655
664
744
656
665
745
657
666
746
658
667
747
659
668
748
669
749
661
670
750
662
671
751
663
672
752
664
673
753
665
674
754
666
675
755
667
676
756
668
677
757
669
678
758
679
759
671
680
760
672
681
761
673
682
762
674
683
763
675
684
764
676
685
765
677
686
766
678
687
767
679
688
768
689
769
681
690
770
682
691
771
683
692
772
684
693
773
685
694
774
686
695
775
687
696
776
688
697
777
689
698
778
699
779
691
700
780
692
701
781
693
702
782
694
703
783
695
704
784
696
705
785
697
706
786
698
707
787
699
708
788
709
789
701
710
790
702
711
791
703
712
792
704
713
793
705
714
794
706
715
795
707
716
796
708
717
797
709
718
798
719
799
711
800
712
801
713
802
714
803
715
804
716
805
717
806
718
807
719
808
809
721
730
722
731
723
732
724
733
725
734
726
735
727
736
728
737
729
738
739
731
740
732
741
733
742
734
743
735
744
736
745
737
746
738
747
739
748
749
741
750
742
751
743
752
744
753
745
754
746
755
747
756
748
757
749
758
759
751
760
752
761
753
762
754
763
755
764
756
765
757
766
758
767
759
768
769
761
770
762
771
763
772
764
773
765
774
766
775
767
776
768
777
769
778
779
771
780
772
781
773
782
774
783
775
784
776
785
777
786
778
787
779
788
789
781
790
782
791
783
792
784
793
785
794
786
795
787
796
788
797
789
798
799
791
800
792
801
793
802
794
803
795
804
796
805
797
806
798
807
799
808
809
801
802
803
804
805
806
807
808
809
)


// ************************************************************************* //
